
1
0 
2
0 1 
3
0 1 3 
4
0 1 3 2 
5
0 1 3 2 6 
6
0 1 3 2 6 7 
7
0 1 3 2 6 7 5 
8
0 1 3 2 6 7 5 13 
9
0 1 3 2 6 7 5 13 15 
10
0 1 3 2 6 7 5 13 15 11 
11
0 1 3 2 6 7 5 13 15 11 10 
12
0 1 3 2 6 7 5 13 15 11 10 14 
13
0 1 3 2 6 7 5 13 15 11 10 14 30 
14
0 1 3 2 6 7 5 13 15 11 10 14 30 31 
15
0 1 3 2 6 7 5 13 15 11 10 14 30 31 23 
16
0 1 3 2 6 7 5 13 15 11 10 14 30 31 23 21 
17
0 1 3 2 6 7 5 13 15 11 10 14 30 31 23 21 17 
18
0 1 3 2 6 7 5 13 15 11 10 14 30 31 23 21 17 19 
19
0 1 3 2 6 7 5 13 15 11 10 14 30 31 23 21 17 19 27 
20
0 1 3 2 6 7 5 13 15 11 10 14 30 31 23 21 17 19 27 59 
21
0 1 3 2 6 7 5 13 15 11 10 14 30 31 23 21 17 19 27 59 63 
22
0 1 3 2 6 7 5 13 15 11 10 14 30 31 23 21 17 19 27 59 63 47 
23
0 1 3 2 6 7 5 13 15 11 10 14 30 31 23 21 17 19 27 59 63 47 46 
24
0 1 3 2 6 7 5 13 15 11 10 14 30 31 23 21 17 19 27 59 63 47 46 44 
25
0 1 3 2 6 7 5 13 15 11 10 14 30 31 23 21 17 19 27 59 63 47 46 44 45 
26
0 1 3 2 6 7 5 13 15 11 10 14 30 31 23 21 17 19 27 59 63 47 46 44 45 37 
27
0 1 3 2 6 7 5 13 15 11 10 14 30 31 23 21 17 19 27 59 63 47 46 44 45 37 39 
28
0 1 3 2 6 7 5 13 15 11 10 14 30 31 23 21 17 19 27 59 63 47 46 44 45 37 39 55 
29
0 1 3 2 6 7 5 13 15 11 10 14 30 31 23 21 17 19 27 59 63 47 46 44 45 37 39 55 119 
30
0 1 3 2 6 7 5 13 15 11 10 14 30 31 23 21 17 19 27 59 63 47 46 44 45 37 39 55 119 127 
31
0 1 3 2 6 7 5 13 15 11 10 14 30 31 23 21 17 19 27 59 63 47 46 44 45 37 39 55 119 127 95 
32
0 1 3 2 6 7 5 13 15 11 10 14 30 31 23 21 17 19 27 59 63 47 46 44 45 37 39 55 119 127 95 91 
33
0 1 3 2 6 7 5 13 15 11 10 14 30 31 23 21 17 19 27 59 63 47 46 44 45 37 39 55 119 127 95 91 90 
34
0 1 3 2 6 7 5 13 15 11 10 14 30 31 23 21 17 19 27 59 63 47 46 44 45 37 39 55 119 127 95 91 90 88 
35
0 1 3 2 6 7 5 13 15 11 10 14 30 31 23 21 17 19 27 59 63 47 46 44 45 37 39 55 119 127 95 91 90 88 89 
36
0 1 3 2 6 7 5 13 15 11 10 14 30 31 23 21 17 19 27 59 63 47 46 44 45 37 39 55 119 127 95 91 90 88 89 93 
37
0 1 3 2 6 7 5 13 15 11 10 14 30 31 23 21 17 19 27 59 63 47 46 44 45 37 39 55 119 127 95 91 90 88 89 93 77 
38
0 1 3 2 6 7 5 13 15 11 10 14 30 31 23 21 17 19 27 59 63 47 46 44 45 37 39 55 119 127 95 91 90 88 89 93 77 79 
39
0 1 3 2 6 7 5 13 15 11 10 14 30 31 23 21 17 19 27 59 63 47 46 44 45 37 39 55 119 127 95 91 90 88 89 93 77 79 111 
39
0 1 3 2 6 7 5 13 15 11 10 14 30 31 23 21 17 19 27 59 63 47 46 44 45 37 39 55 119 127 95 91 90 88 89 93 77 109 111 
39
0 1 3 2 6 7 5 13 15 11 10 14 30 31 23 21 17 19 27 59 63 47 46 44 45 37 39 55 119 127 95 91 90 88 89 93 77 109 125 
40
0 1 3 2 6 7 5 13 15 11 10 14 30 31 23 21 17 19 27 59 63 47 46 44 45 37 39 55 119 127 95 91 90 88 89 93 77 109 125 61 
41
0 1 3 2 6 7 5 13 15 11 10 14 30 31 23 21 17 19 27 59 63 47 46 44 45 37 39 55 119 127 95 91 90 88 89 93 77 109 125 61 53 
42
0 1 3 2 6 7 5 13 15 11 10 14 30 31 23 21 17 19 27 59 63 47 46 44 45 37 39 55 119 127 95 91 90 88 89 93 77 109 125 61 53 52 
43
0 1 3 2 6 7 5 13 15 11 10 14 30 31 23 21 17 19 27 59 63 47 46 44 45 37 39 55 119 127 95 91 90 88 89 93 77 109 125 61 53 52 54 
44
0 1 3 2 6 7 5 13 15 11 10 14 30 31 23 21 17 19 27 59 63 47 46 44 45 37 39 55 119 127 95 91 90 88 89 93 77 109 125 61 53 52 54 50 
45
0 1 3 2 6 7 5 13 15 11 10 14 30 31 23 21 17 19 27 59 63 47 46 44 45 37 39 55 119 127 95 91 90 88 89 93 77 109 125 61 53 52 54 50 51 
46
0 1 3 2 6 7 5 13 15 11 10 14 30 31 23 21 17 19 27 59 63 47 46 44 45 37 39 55 119 127 95 91 90 88 89 93 77 109 125 61 53 52 54 50 51 115 
47
0 1 3 2 6 7 5 13 15 11 10 14 30 31 23 21 17 19 27 59 63 47 46 44 45 37 39 55 119 127 95 91 90 88 89 93 77 109 125 61 53 52 54 50 51 115 123 
47
0 1 3 2 6 7 5 13 15 11 10 14 30 31 23 21 17 19 27 59 63 47 46 44 45 37 39 55 119 127 95 91 90 88 89 93 77 109 125 61 53 52 54 50 51 115 83 
48
0 1 3 2 6 7 5 13 15 11 10 14 30 31 23 21 17 19 27 59 63 47 46 44 45 37 39 55 119 127 95 91 90 88 89 93 77 109 125 61 53 52 54 50 51 115 83 87 
49
0 1 3 2 6 7 5 13 15 11 10 14 30 31 23 21 17 19 27 59 63 47 46 44 45 37 39 55 119 127 95 91 90 88 89 93 77 109 125 61 53 52 54 50 51 115 83 87 71 
50
0 1 3 2 6 7 5 13 15 11 10 14 30 31 23 21 17 19 27 59 63 47 46 44 45 37 39 55 119 127 95 91 90 88 89 93 77 109 125 61 53 52 54 50 51 115 83 87 71 69 
51
0 1 3 2 6 7 5 13 15 11 10 14 30 31 23 21 17 19 27 59 63 47 46 44 45 37 39 55 119 127 95 91 90 88 89 93 77 109 125 61 53 52 54 50 51 115 83 87 71 69 68 
52
0 1 3 2 6 7 5 13 15 11 10 14 30 31 23 21 17 19 27 59 63 47 46 44 45 37 39 55 119 127 95 91 90 88 89 93 77 109 125 61 53 52 54 50 51 115 83 87 71 69 68 70 
53
0 1 3 2 6 7 5 13 15 11 10 14 30 31 23 21 17 19 27 59 63 47 46 44 45 37 39 55 119 127 95 91 90 88 89 93 77 109 125 61 53 52 54 50 51 115 83 87 71 69 68 70 78 
54
0 1 3 2 6 7 5 13 15 11 10 14 30 31 23 21 17 19 27 59 63 47 46 44 45 37 39 55 119 127 95 91 90 88 89 93 77 109 125 61 53 52 54 50 51 115 83 87 71 69 68 70 78 79 
55
0 1 3 2 6 7 5 13 15 11 10 14 30 31 23 21 17 19 27 59 63 47 46 44 45 37 39 55 119 127 95 91 90 88 89 93 77 109 125 61 53 52 54 50 51 115 83 87 71 69 68 70 78 79 111 
55
0 1 3 2 6 7 5 13 15 11 10 14 30 31 23 21 17 19 27 59 63 47 46 44 45 37 39 55 119 127 95 91 90 88 89 93 77 109 125 61 53 52 54 50 51 115 83 87 71 69 68 70 78 94 126 
56
0 1 3 2 6 7 5 13 15 11 10 14 30 31 23 21 17 19 27 59 63 47 46 44 45 37 39 55 119 127 95 91 90 88 89 93 77 109 125 61 53 52 54 50 51 115 83 87 71 69 68 70 78 94 126 62 
57
0 1 3 2 6 7 5 13 15 11 10 14 30 31 23 21 17 19 27 59 63 47 46 44 45 37 39 55 119 127 95 91 90 88 89 93 77 109 125 61 53 52 54 50 51 115 83 87 71 69 68 70 78 94 126 62 58 
58
0 1 3 2 6 7 5 13 15 11 10 14 30 31 23 21 17 19 27 59 63 47 46 44 45 37 39 55 119 127 95 91 90 88 89 93 77 109 125 61 53 52 54 50 51 115 83 87 71 69 68 70 78 94 126 62 58 56 
59
0 1 3 2 6 7 5 13 15 11 10 14 30 31 23 21 17 19 27 59 63 47 46 44 45 37 39 55 119 127 95 91 90 88 89 93 77 109 125 61 53 52 54 50 51 115 83 87 71 69 68 70 78 94 126 62 58 56 57 
60
0 1 3 2 6 7 5 13 15 11 10 14 30 31 23 21 17 19 27 59 63 47 46 44 45 37 39 55 119 127 95 91 90 88 89 93 77 109 125 61 53 52 54 50 51 115 83 87 71 69 68 70 78 94 126 62 58 56 57 49 
61
0 1 3 2 6 7 5 13 15 11 10 14 30 31 23 21 17 19 27 59 63 47 46 44 45 37 39 55 119 127 95 91 90 88 89 93 77 109 125 61 53 52 54 50 51 115 83 87 71 69 68 70 78 94 126 62 58 56 57 49 33 
62
0 1 3 2 6 7 5 13 15 11 10 14 30 31 23 21 17 19 27 59 63 47 46 44 45 37 39 55 119 127 95 91 90 88 89 93 77 109 125 61 53 52 54 50 51 115 83 87 71 69 68 70 78 94 126 62 58 56 57 49 33 35 
63
0 1 3 2 6 7 5 13 15 11 10 14 30 31 23 21 17 19 27 59 63 47 46 44 45 37 39 55 119 127 95 91 90 88 89 93 77 109 125 61 53 52 54 50 51 115 83 87 71 69 68 70 78 94 126 62 58 56 57 49 33 35 43 
64
0 1 3 2 6 7 5 13 15 11 10 14 30 31 23 21 17 19 27 59 63 47 46 44 45 37 39 55 119 127 95 91 90 88 89 93 77 109 125 61 53 52 54 50 51 115 83 87 71 69 68 70 78 94 126 62 58 56 57 49 33 35 43 107 
65
0 1 3 2 6 7 5 13 15 11 10 14 30 31 23 21 17 19 27 59 63 47 46 44 45 37 39 55 119 127 95 91 90 88 89 93 77 109 125 61 53 52 54 50 51 115 83 87 71 69 68 70 78 94 126 62 58 56 57 49 33 35 43 107 111 
66
0 1 3 2 6 7 5 13 15 11 10 14 30 31 23 21 17 19 27 59 63 47 46 44 45 37 39 55 119 127 95 91 90 88 89 93 77 109 125 61 53 52 54 50 51 115 83 87 71 69 68 70 78 94 126 62 58 56 57 49 33 35 43 107 111 79 
66
0 1 3 2 6 7 5 13 15 11 10 14 30 31 23 21 17 19 27 59 63 47 46 44 45 37 39 55 119 127 95 91 90 88 89 93 77 109 125 61 53 52 54 50 51 115 83 87 71 69 68 70 78 94 126 62 58 56 57 49 33 35 43 107 75 79 
67
0 1 3 2 6 7 5 13 15 11 10 14 30 31 23 21 17 19 27 59 63 47 46 44 45 37 39 55 119 127 95 91 90 88 89 93 77 109 125 61 53 52 54 50 51 115 83 87 71 69 68 70 78 94 126 62 58 56 57 49 33 35 43 107 75 79 111 
68
0 1 3 2 6 7 5 13 15 11 10 14 30 31 23 21 17 19 27 59 63 47 46 44 45 37 39 55 119 127 95 91 90 88 89 93 77 109 125 61 53 52 54 50 51 115 83 87 71 69 68 70 78 94 126 62 58 56 57 49 33 35 43 107 75 79 111 110 
69
0 1 3 2 6 7 5 13 15 11 10 14 30 31 23 21 17 19 27 59 63 47 46 44 45 37 39 55 119 127 95 91 90 88 89 93 77 109 125 61 53 52 54 50 51 115 83 87 71 69 68 70 78 94 126 62 58 56 57 49 33 35 43 107 75 79 111 110 108 
70
0 1 3 2 6 7 5 13 15 11 10 14 30 31 23 21 17 19 27 59 63 47 46 44 45 37 39 55 119 127 95 91 90 88 89 93 77 109 125 61 53 52 54 50 51 115 83 87 71 69 68 70 78 94 126 62 58 56 57 49 33 35 43 107 75 79 111 110 108 100 
71
0 1 3 2 6 7 5 13 15 11 10 14 30 31 23 21 17 19 27 59 63 47 46 44 45 37 39 55 119 127 95 91 90 88 89 93 77 109 125 61 53 52 54 50 51 115 83 87 71 69 68 70 78 94 126 62 58 56 57 49 33 35 43 107 75 79 111 110 108 100 101 
72
0 1 3 2 6 7 5 13 15 11 10 14 30 31 23 21 17 19 27 59 63 47 46 44 45 37 39 55 119 127 95 91 90 88 89 93 77 109 125 61 53 52 54 50 51 115 83 87 71 69 68 70 78 94 126 62 58 56 57 49 33 35 43 107 75 79 111 110 108 100 101 103 
72
0 1 3 2 6 7 5 13 15 11 10 14 30 31 23 21 17 19 27 59 63 47 46 44 45 37 39 55 119 127 95 91 90 88 89 93 77 109 125 61 53 52 54 50 51 115 83 87 71 69 68 70 78 94 126 62 58 56 57 49 33 35 43 107 75 79 111 110 108 100 101 117 
72
0 1 3 2 6 7 5 13 15 11 10 14 30 31 23 21 17 19 27 59 63 47 46 44 45 37 39 55 119 127 95 91 90 88 89 93 77 109 125 61 53 52 54 50 51 115 83 87 71 69 68 70 78 94 126 62 58 56 57 49 33 35 43 107 75 79 111 110 108 100 102 103 
72
0 1 3 2 6 7 5 13 15 11 10 14 30 31 23 21 17 19 27 59 63 47 46 44 45 37 39 55 119 127 95 91 90 88 89 93 77 109 125 61 53 52 54 50 51 115 83 87 71 69 68 70 78 94 126 62 58 56 57 49 33 35 43 107 75 79 111 110 108 100 102 118 
72
0 1 3 2 6 7 5 13 15 11 10 14 30 31 23 21 17 19 27 59 63 47 46 44 45 37 39 55 119 127 95 91 90 88 89 93 77 109 125 61 53 52 54 50 51 115 83 87 71 69 68 70 78 94 126 62 58 56 57 49 33 35 43 107 75 79 111 110 108 100 102 38 
73
0 1 3 2 6 7 5 13 15 11 10 14 30 31 23 21 17 19 27 59 63 47 46 44 45 37 39 55 119 127 95 91 90 88 89 93 77 109 125 61 53 52 54 50 51 115 83 87 71 69 68 70 78 94 126 62 58 56 57 49 33 35 43 107 75 79 111 110 108 100 102 38 34 
74
0 1 3 2 6 7 5 13 15 11 10 14 30 31 23 21 17 19 27 59 63 47 46 44 45 37 39 55 119 127 95 91 90 88 89 93 77 109 125 61 53 52 54 50 51 115 83 87 71 69 68 70 78 94 126 62 58 56 57 49 33 35 43 107 75 79 111 110 108 100 102 38 34 42 
75
0 1 3 2 6 7 5 13 15 11 10 14 30 31 23 21 17 19 27 59 63 47 46 44 45 37 39 55 119 127 95 91 90 88 89 93 77 109 125 61 53 52 54 50 51 115 83 87 71 69 68 70 78 94 126 62 58 56 57 49 33 35 43 107 75 79 111 110 108 100 102 38 34 42 106 
76
0 1 3 2 6 7 5 13 15 11 10 14 30 31 23 21 17 19 27 59 63 47 46 44 45 37 39 55 119 127 95 91 90 88 89 93 77 109 125 61 53 52 54 50 51 115 83 87 71 69 68 70 78 94 126 62 58 56 57 49 33 35 43 107 75 79 111 110 108 100 102 38 34 42 106 122 
77
0 1 3 2 6 7 5 13 15 11 10 14 30 31 23 21 17 19 27 59 63 47 46 44 45 37 39 55 119 127 95 91 90 88 89 93 77 109 125 61 53 52 54 50 51 115 83 87 71 69 68 70 78 94 126 62 58 56 57 49 33 35 43 107 75 79 111 110 108 100 102 38 34 42 106 122 123 
77
0 1 3 2 6 7 5 13 15 11 10 14 30 31 23 21 17 19 27 59 63 47 46 44 45 37 39 55 119 127 95 91 90 88 89 93 77 109 125 61 53 52 54 50 51 115 83 87 71 69 68 70 78 94 126 62 58 56 57 49 33 35 43 107 75 79 111 110 108 100 102 38 34 42 106 74 72 
78
0 1 3 2 6 7 5 13 15 11 10 14 30 31 23 21 17 19 27 59 63 47 46 44 45 37 39 55 119 127 95 91 90 88 89 93 77 109 125 61 53 52 54 50 51 115 83 87 71 69 68 70 78 94 126 62 58 56 57 49 33 35 43 107 75 79 111 110 108 100 102 38 34 42 106 74 72 73 
79
0 1 3 2 6 7 5 13 15 11 10 14 30 31 23 21 17 19 27 59 63 47 46 44 45 37 39 55 119 127 95 91 90 88 89 93 77 109 125 61 53 52 54 50 51 115 83 87 71 69 68 70 78 94 126 62 58 56 57 49 33 35 43 107 75 79 111 110 108 100 102 38 34 42 106 74 72 73 65 
80
0 1 3 2 6 7 5 13 15 11 10 14 30 31 23 21 17 19 27 59 63 47 46 44 45 37 39 55 119 127 95 91 90 88 89 93 77 109 125 61 53 52 54 50 51 115 83 87 71 69 68 70 78 94 126 62 58 56 57 49 33 35 43 107 75 79 111 110 108 100 102 38 34 42 106 74 72 73 65 67 
81
0 1 3 2 6 7 5 13 15 11 10 14 30 31 23 21 17 19 27 59 63 47 46 44 45 37 39 55 119 127 95 91 90 88 89 93 77 109 125 61 53 52 54 50 51 115 83 87 71 69 68 70 78 94 126 62 58 56 57 49 33 35 43 107 75 79 111 110 108 100 102 38 34 42 106 74 72 73 65 67 99 
82
0 1 3 2 6 7 5 13 15 11 10 14 30 31 23 21 17 19 27 59 63 47 46 44 45 37 39 55 119 127 95 91 90 88 89 93 77 109 125 61 53 52 54 50 51 115 83 87 71 69 68 70 78 94 126 62 58 56 57 49 33 35 43 107 75 79 111 110 108 100 102 38 34 42 106 74 72 73 65 67 99 103 
82
0 1 3 2 6 7 5 13 15 11 10 14 30 31 23 21 17 19 27 59 63 47 46 44 45 37 39 55 119 127 95 91 90 88 89 93 77 109 125 61 53 52 54 50 51 115 83 87 71 69 68 70 78 94 126 62 58 56 57 49 33 35 43 107 75 79 111 110 108 100 102 38 34 42 106 74 72 73 65 81 85 117 
82
0 1 3 2 6 7 5 13 15 11 10 14 30 31 23 21 17 19 27 59 63 47 46 44 45 37 39 55 119 127 95 91 90 88 89 93 77 109 125 61 53 52 54 50 51 115 83 87 71 69 68 70 78 94 126 62 58 56 57 49 33 35 43 107 75 79 111 110 108 100 102 38 34 42 106 74 72 73 65 81 113 117 
82
0 1 3 2 6 7 5 13 15 11 10 14 30 31 23 21 17 19 27 59 63 47 46 44 45 37 39 55 119 127 95 91 90 88 89 93 77 109 125 61 53 52 54 50 51 115 83 87 71 69 68 70 78 94 126 62 58 56 57 49 33 35 43 107 75 79 111 110 108 100 102 38 34 42 106 74 72 73 65 81 113 121 
83
0 1 3 2 6 7 5 13 15 11 10 14 30 31 23 21 17 19 27 59 63 47 46 44 45 37 39 55 119 127 95 91 90 88 89 93 77 109 125 61 53 52 54 50 51 115 83 87 71 69 68 70 78 94 126 62 58 56 57 49 33 35 43 107 75 79 111 110 108 100 102 38 34 42 106 74 72 73 65 81 113 121 123 
83
0 1 3 2 6 7 5 13 15 11 10 14 30 31 23 21 17 19 27 59 63 47 46 44 45 37 39 55 119 127 95 91 90 88 89 93 77 109 125 61 53 52 54 50 51 115 83 87 71 69 68 70 78 94 126 62 58 56 57 49 33 35 43 107 75 79 111 110 108 100 102 38 34 42 106 74 72 73 65 97 105 121 123 
83
0 1 3 2 6 7 5 13 15 11 10 14 30 31 23 21 17 19 27 59 63 47 46 44 45 37 39 55 119 127 95 91 90 88 89 93 77 109 125 61 53 52 54 50 51 115 83 87 71 69 68 70 78 94 126 62 58 56 57 49 33 35 43 107 75 79 111 110 108 100 102 38 34 42 106 74 72 73 65 97 105 41 40 
84
0 1 3 2 6 7 5 13 15 11 10 14 30 31 23 21 17 19 27 59 63 47 46 44 45 37 39 55 119 127 95 91 90 88 89 93 77 109 125 61 53 52 54 50 51 115 83 87 71 69 68 70 78 94 126 62 58 56 57 49 33 35 43 107 75 79 111 110 108 100 102 38 34 42 106 74 72 73 65 97 105 41 40 8 
85
0 1 3 2 6 7 5 13 15 11 10 14 30 31 23 21 17 19 27 59 63 47 46 44 45 37 39 55 119 127 95 91 90 88 89 93 77 109 125 61 53 52 54 50 51 115 83 87 71 69 68 70 78 94 126 62 58 56 57 49 33 35 43 107 75 79 111 110 108 100 102 38 34 42 106 74 72 73 65 97 105 41 40 8 9 
86
0 1 3 2 6 7 5 13 15 11 10 14 30 31 23 21 17 19 27 59 63 47 46 44 45 37 39 55 119 127 95 91 90 88 89 93 77 109 125 61 53 52 54 50 51 115 83 87 71 69 68 70 78 94 126 62 58 56 57 49 33 35 43 107 75 79 111 110 108 100 102 38 34 42 106 74 72 73 65 97 105 41 40 8 9 25 
87
0 1 3 2 6 7 5 13 15 11 10 14 30 31 23 21 17 19 27 59 63 47 46 44 45 37 39 55 119 127 95 91 90 88 89 93 77 109 125 61 53 52 54 50 51 115 83 87 71 69 68 70 78 94 126 62 58 56 57 49 33 35 43 107 75 79 111 110 108 100 102 38 34 42 106 74 72 73 65 97 105 41 40 8 9 25 29 
87
0 1 3 2 6 7 5 13 15 11 10 14 30 31 23 21 17 19 27 59 63 47 46 44 45 37 39 55 119 127 95 91 90 88 89 93 77 109 125 61 53 52 54 50 51 115 83 87 71 69 68 70 78 94 126 62 58 56 57 49 33 35 43 107 75 79 111 110 108 100 102 38 34 42 106 74 72 73 65 97 105 41 40 104 120 121 123 
87
0 1 3 2 6 7 5 13 15 11 10 14 30 31 23 21 17 19 27 59 63 47 46 44 45 37 39 55 119 127 95 91 90 88 89 93 77 109 125 61 53 52 54 50 51 115 83 87 71 69 68 70 78 94 126 62 58 56 57 49 33 35 43 107 75 79 111 110 108 100 102 38 34 42 106 74 72 73 65 97 105 41 40 104 120 122 123 
87
0 1 3 2 6 7 5 13 15 11 10 14 30 31 23 21 17 19 27 59 63 47 46 44 45 37 39 55 119 127 95 91 90 88 89 93 77 109 125 61 53 52 54 50 51 115 83 87 71 69 68 70 78 94 126 62 58 56 57 49 33 35 43 107 75 79 111 110 108 100 102 38 34 42 106 74 72 76 92 84 20 22 86 82 66 67 65 
88
0 1 3 2 6 7 5 13 15 11 10 14 30 31 23 21 17 19 27 59 63 47 46 44 45 37 39 55 119 127 95 91 90 88 89 93 77 109 125 61 53 52 54 50 51 115 83 87 71 69 68 70 78 94 126 62 58 56 57 49 33 35 43 107 75 79 111 110 108 100 102 38 34 42 106 74 72 76 92 84 20 22 86 82 66 67 65 73 
89
0 1 3 2 6 7 5 13 15 11 10 14 30 31 23 21 17 19 27 59 63 47 46 44 45 37 39 55 119 127 95 91 90 88 89 93 77 109 125 61 53 52 54 50 51 115 83 87 71 69 68 70 78 94 126 62 58 56 57 49 33 35 43 107 75 79 111 110 108 100 102 38 34 42 106 74 72 76 92 84 20 22 86 82 66 67 65 73 105 
90
0 1 3 2 6 7 5 13 15 11 10 14 30 31 23 21 17 19 27 59 63 47 46 44 45 37 39 55 119 127 95 91 90 88 89 93 77 109 125 61 53 52 54 50 51 115 83 87 71 69 68 70 78 94 126 62 58 56 57 49 33 35 43 107 75 79 111 110 108 100 102 38 34 42 106 74 72 76 92 84 20 22 86 82 66 67 65 73 105 121 
91
0 1 3 2 6 7 5 13 15 11 10 14 30 31 23 21 17 19 27 59 63 47 46 44 45 37 39 55 119 127 95 91 90 88 89 93 77 109 125 61 53 52 54 50 51 115 83 87 71 69 68 70 78 94 126 62 58 56 57 49 33 35 43 107 75 79 111 110 108 100 102 38 34 42 106 74 72 76 92 84 20 22 86 82 66 67 65 73 105 121 123 
91
0 1 3 2 6 7 5 13 15 11 10 14 30 31 23 21 17 19 27 59 63 47 46 44 45 37 39 55 119 127 95 91 90 88 89 93 77 109 125 61 53 52 54 50 51 115 83 87 71 69 68 70 78 94 126 62 58 56 57 49 33 35 43 107 75 79 111 110 108 100 102 38 34 42 106 74 72 76 92 84 20 22 86 82 66 67 65 73 105 41 40 
92
0 1 3 2 6 7 5 13 15 11 10 14 30 31 23 21 17 19 27 59 63 47 46 44 45 37 39 55 119 127 95 91 90 88 89 93 77 109 125 61 53 52 54 50 51 115 83 87 71 69 68 70 78 94 126 62 58 56 57 49 33 35 43 107 75 79 111 110 108 100 102 38 34 42 106 74 72 76 92 84 20 22 86 82 66 67 65 73 105 41 40 32 
93
0 1 3 2 6 7 5 13 15 11 10 14 30 31 23 21 17 19 27 59 63 47 46 44 45 37 39 55 119 127 95 91 90 88 89 93 77 109 125 61 53 52 54 50 51 115 83 87 71 69 68 70 78 94 126 62 58 56 57 49 33 35 43 107 75 79 111 110 108 100 102 38 34 42 106 74 72 76 92 84 20 22 86 82 66 67 65 73 105 41 40 32 36 
94
0 1 3 2 6 7 5 13 15 11 10 14 30 31 23 21 17 19 27 59 63 47 46 44 45 37 39 55 119 127 95 91 90 88 89 93 77 109 125 61 53 52 54 50 51 115 83 87 71 69 68 70 78 94 126 62 58 56 57 49 33 35 43 107 75 79 111 110 108 100 102 38 34 42 106 74 72 76 92 84 20 22 86 82 66 67 65 73 105 41 40 32 36 4 
95
0 1 3 2 6 7 5 13 15 11 10 14 30 31 23 21 17 19 27 59 63 47 46 44 45 37 39 55 119 127 95 91 90 88 89 93 77 109 125 61 53 52 54 50 51 115 83 87 71 69 68 70 78 94 126 62 58 56 57 49 33 35 43 107 75 79 111 110 108 100 102 38 34 42 106 74 72 76 92 84 20 22 86 82 66 67 65 73 105 41 40 32 36 4 12 
96
0 1 3 2 6 7 5 13 15 11 10 14 30 31 23 21 17 19 27 59 63 47 46 44 45 37 39 55 119 127 95 91 90 88 89 93 77 109 125 61 53 52 54 50 51 115 83 87 71 69 68 70 78 94 126 62 58 56 57 49 33 35 43 107 75 79 111 110 108 100 102 38 34 42 106 74 72 76 92 84 20 22 86 82 66 67 65 73 105 41 40 32 36 4 12 8 
97
0 1 3 2 6 7 5 13 15 11 10 14 30 31 23 21 17 19 27 59 63 47 46 44 45 37 39 55 119 127 95 91 90 88 89 93 77 109 125 61 53 52 54 50 51 115 83 87 71 69 68 70 78 94 126 62 58 56 57 49 33 35 43 107 75 79 111 110 108 100 102 38 34 42 106 74 72 76 92 84 20 22 86 82 66 67 65 73 105 41 40 32 36 4 12 8 9 
98
0 1 3 2 6 7 5 13 15 11 10 14 30 31 23 21 17 19 27 59 63 47 46 44 45 37 39 55 119 127 95 91 90 88 89 93 77 109 125 61 53 52 54 50 51 115 83 87 71 69 68 70 78 94 126 62 58 56 57 49 33 35 43 107 75 79 111 110 108 100 102 38 34 42 106 74 72 76 92 84 20 22 86 82 66 67 65 73 105 41 40 32 36 4 12 8 9 25 
99
0 1 3 2 6 7 5 13 15 11 10 14 30 31 23 21 17 19 27 59 63 47 46 44 45 37 39 55 119 127 95 91 90 88 89 93 77 109 125 61 53 52 54 50 51 115 83 87 71 69 68 70 78 94 126 62 58 56 57 49 33 35 43 107 75 79 111 110 108 100 102 38 34 42 106 74 72 76 92 84 20 22 86 82 66 67 65 73 105 41 40 32 36 4 12 8 9 25 29 
99
0 1 3 2 6 7 5 13 15 11 10 14 30 31 23 21 17 19 27 59 63 47 46 44 45 37 39 55 119 127 95 91 90 88 89 93 77 109 125 61 53 52 54 50 51 115 83 87 71 69 68 70 78 94 126 62 58 56 57 49 33 35 43 107 75 79 111 110 108 100 102 38 34 42 106 74 72 76 92 84 20 22 86 82 66 67 65 73 105 41 40 104 96 64 80 112 120 121 123 
99
0 1 3 2 6 7 5 13 15 11 10 14 30 31 23 21 17 19 27 59 63 47 46 44 45 37 39 55 119 127 95 91 90 88 89 93 77 109 125 61 53 52 54 50 51 115 83 87 71 69 68 70 78 94 126 62 58 56 57 49 33 35 43 107 75 79 111 110 108 100 102 38 34 42 106 74 72 76 92 84 20 22 86 82 66 67 65 73 105 41 40 104 96 64 80 112 120 122 123 
99
0 1 3 2 6 7 5 13 15 11 10 14 30 31 23 21 17 19 27 59 63 47 46 44 45 37 39 55 119 127 95 91 90 88 89 93 77 109 125 61 53 52 54 50 51 115 83 87 71 69 68 70 78 94 126 62 58 56 57 49 33 35 43 107 75 79 111 110 108 100 102 38 34 42 106 74 72 76 92 84 20 22 86 82 66 67 65 73 105 41 40 104 96 64 80 112 120 124 60 
99
0 1 3 2 6 7 5 13 15 11 10 14 30 31 23 21 17 19 27 59 63 47 46 44 45 37 39 55 119 127 95 91 90 88 89 93 77 109 125 61 53 52 54 50 51 115 83 87 71 69 68 70 78 94 126 62 58 56 57 49 33 35 43 107 75 79 111 110 108 100 102 38 34 42 106 74 72 76 92 84 20 22 86 82 66 67 65 73 105 41 40 104 96 64 80 112 48 32 36 
100
0 1 3 2 6 7 5 13 15 11 10 14 30 31 23 21 17 19 27 59 63 47 46 44 45 37 39 55 119 127 95 91 90 88 89 93 77 109 125 61 53 52 54 50 51 115 83 87 71 69 68 70 78 94 126 62 58 56 57 49 33 35 43 107 75 79 111 110 108 100 102 38 34 42 106 74 72 76 92 84 20 22 86 82 66 67 65 73 105 41 40 104 96 64 80 112 48 32 36 4 
101
0 1 3 2 6 7 5 13 15 11 10 14 30 31 23 21 17 19 27 59 63 47 46 44 45 37 39 55 119 127 95 91 90 88 89 93 77 109 125 61 53 52 54 50 51 115 83 87 71 69 68 70 78 94 126 62 58 56 57 49 33 35 43 107 75 79 111 110 108 100 102 38 34 42 106 74 72 76 92 84 20 22 86 82 66 67 65 73 105 41 40 104 96 64 80 112 48 32 36 4 12 
102
0 1 3 2 6 7 5 13 15 11 10 14 30 31 23 21 17 19 27 59 63 47 46 44 45 37 39 55 119 127 95 91 90 88 89 93 77 109 125 61 53 52 54 50 51 115 83 87 71 69 68 70 78 94 126 62 58 56 57 49 33 35 43 107 75 79 111 110 108 100 102 38 34 42 106 74 72 76 92 84 20 22 86 82 66 67 65 73 105 41 40 104 96 64 80 112 48 32 36 4 12 8 
103
0 1 3 2 6 7 5 13 15 11 10 14 30 31 23 21 17 19 27 59 63 47 46 44 45 37 39 55 119 127 95 91 90 88 89 93 77 109 125 61 53 52 54 50 51 115 83 87 71 69 68 70 78 94 126 62 58 56 57 49 33 35 43 107 75 79 111 110 108 100 102 38 34 42 106 74 72 76 92 84 20 22 86 82 66 67 65 73 105 41 40 104 96 64 80 112 48 32 36 4 12 8 9 
104
0 1 3 2 6 7 5 13 15 11 10 14 30 31 23 21 17 19 27 59 63 47 46 44 45 37 39 55 119 127 95 91 90 88 89 93 77 109 125 61 53 52 54 50 51 115 83 87 71 69 68 70 78 94 126 62 58 56 57 49 33 35 43 107 75 79 111 110 108 100 102 38 34 42 106 74 72 76 92 84 20 22 86 82 66 67 65 73 105 41 40 104 96 64 80 112 48 32 36 4 12 8 9 25 
105
0 1 3 2 6 7 5 13 15 11 10 14 30 31 23 21 17 19 27 59 63 47 46 44 45 37 39 55 119 127 95 91 90 88 89 93 77 109 125 61 53 52 54 50 51 115 83 87 71 69 68 70 78 94 126 62 58 56 57 49 33 35 43 107 75 79 111 110 108 100 102 38 34 42 106 74 72 76 92 84 20 22 86 82 66 67 65 73 105 41 40 104 96 64 80 112 48 32 36 4 12 8 9 25 29 
105
0 1 3 2 6 7 5 13 15 11 10 14 30 31 23 21 17 19 27 59 63 47 46 44 45 37 39 55 119 127 95 91 90 88 89 93 77 109 125 61 53 52 54 50 51 115 83 87 71 69 68 70 78 94 126 62 58 56 57 49 33 35 43 107 75 79 111 110 108 100 102 38 34 42 106 74 72 76 92 84 20 22 86 82 66 67 65 73 9 8 12 4 36 32 48 112 80 64 96 104 40 41 105 121 123 
105
0 1 3 2 6 7 5 13 15 11 10 14 30 31 23 21 17 19 27 59 63 47 46 44 45 37 39 55 119 127 95 91 90 88 89 93 77 109 125 61 53 52 54 50 51 115 83 87 71 69 68 70 78 94 126 62 58 56 57 49 33 35 43 107 75 79 111 110 108 100 102 38 34 42 106 74 72 76 92 84 20 22 86 118 114 98 96 104 40 41 9 73 105 97 113 112 48 16 80 64 66 82 18 26 24 
106
0 1 3 2 6 7 5 13 15 11 10 14 30 31 23 21 17 19 27 59 63 47 46 44 45 37 39 55 119 127 95 91 90 88 89 93 77 109 125 61 53 52 54 50 51 115 83 87 71 69 68 70 78 94 126 62 58 56 57 49 33 35 43 107 75 79 111 110 108 100 102 38 34 42 106 74 72 76 92 84 20 22 86 118 114 98 96 104 40 41 9 73 105 97 113 112 48 16 80 64 66 82 18 26 24 25 
107
0 1 3 2 6 7 5 13 15 11 10 14 30 31 23 21 17 19 27 59 63 47 46 44 45 37 39 55 119 127 95 91 90 88 89 93 77 109 125 61 53 52 54 50 51 115 83 87 71 69 68 70 78 94 126 62 58 56 57 49 33 35 43 107 75 79 111 110 108 100 102 38 34 42 106 74 72 76 92 84 20 22 86 118 114 98 96 104 40 41 9 73 105 97 113 112 48 16 80 64 66 82 18 26 24 25 29 
107
0 1 3 2 6 7 5 13 15 11 10 14 30 31 23 21 17 19 27 59 63 47 46 44 45 37 39 55 119 127 95 91 90 88 89 93 77 109 125 61 53 52 54 50 51 115 83 87 71 69 68 70 78 94 126 62 58 56 57 49 33 35 43 107 75 79 111 110 108 100 102 38 34 42 106 74 72 76 92 84 20 22 86 118 114 98 96 32 36 4 12 8 24 26 18 82 66 67 65 73 9 25 29 28 60 124 116 
108
0 1 3 2 6 7 5 13 15 11 10 14 30 31 23 21 17 19 27 59 63 47 46 44 45 37 39 55 119 127 95 91 90 88 89 93 77 109 125 61 53 52 54 50 51 115 83 87 71 69 68 70 78 94 126 62 58 56 57 49 33 35 43 107 75 79 111 110 108 100 102 38 34 42 106 74 72 76 92 84 20 22 86 118 114 98 96 32 36 4 12 8 24 26 18 82 66 67 65 73 9 25 29 28 60 124 116 117 
108
0 1 3 2 6 7 5 13 15 11 10 14 30 31 23 21 17 19 27 59 63 47 46 44 45 37 39 55 119 127 95 91 90 88 89 93 77 109 125 61 53 52 54 50 51 115 83 87 71 69 68 70 78 94 126 62 58 56 57 49 33 35 43 107 75 79 111 110 108 100 36 38 34 42 106 74 72 76 92 84 20 22 86 82 114 98 102 118 116 124 60 28 29 25 9 73 65 97 96 32 48 112 113 81 85 117 101 103 
108
0 1 3 2 6 7 5 13 15 11 10 14 30 31 23 21 17 19 27 59 63 47 46 44 45 37 39 55 119 127 95 91 90 88 89 93 77 109 125 61 53 52 54 50 51 115 83 87 71 69 68 70 78 94 126 62 58 56 57 49 33 35 43 107 75 79 111 110 108 100 36 38 34 42 106 74 72 76 92 84 20 22 86 82 114 98 102 118 116 124 60 28 29 25 9 73 65 97 96 32 48 112 80 64 66 67 99 103 
108
0 1 3 2 6 7 5 13 15 11 10 14 30 31 23 21 17 19 27 59 63 47 46 44 45 37 39 55 119 127 95 91 90 88 89 93 77 109 125 61 53 52 54 50 51 115 83 87 71 69 68 70 78 94 126 62 58 56 57 49 33 35 43 107 75 79 111 110 108 100 36 38 34 42 106 74 72 104 96 32 48 16 80 81 65 73 9 25 29 28 60 124 116 118 102 98 114 82 18 26 24 8 40 41 105 97 101 103 
108
0 1 3 2 6 7 5 13 15 11 10 14 30 31 23 21 17 19 27 59 63 47 46 44 45 37 39 55 119 127 95 91 90 88 89 93 77 109 125 61 53 52 54 50 51 115 83 87 71 69 68 70 78 94 126 62 58 56 57 49 33 35 43 107 75 79 111 110 108 100 36 38 34 42 106 74 72 104 96 32 48 16 80 64 66 82 18 26 24 8 40 41 105 97 113 81 85 84 20 22 86 118 102 98 114 112 116 117 
108
0 1 3 2 6 7 5 13 15 11 10 14 30 31 23 21 17 19 27 59 63 47 46 44 45 37 39 55 119 127 95 91 90 88 89 93 77 109 125 61 53 52 54 50 51 115 83 87 71 69 68 70 78 94 126 62 58 56 57 49 33 35 43 107 75 79 111 110 108 100 36 38 34 42 106 74 72 104 96 32 48 16 80 64 66 82 18 26 24 8 40 41 105 97 113 81 85 84 20 22 86 118 102 98 114 122 123 121 
108
0 1 3 2 6 7 5 13 15 11 10 14 30 31 23 21 17 19 27 59 63 47 46 44 45 37 39 55 119 127 95 91 90 88 89 93 77 109 125 61 53 52 54 50 51 115 83 87 71 69 68 70 78 94 126 62 58 56 57 49 33 35 43 107 75 79 111 110 108 100 36 38 34 42 106 74 72 104 96 32 48 112 80 81 65 73 9 25 29 28 60 124 116 118 102 98 114 82 18 26 24 8 40 41 105 97 101 103 
108
0 1 3 2 6 7 5 13 15 11 10 14 30 31 23 21 17 19 27 59 63 47 46 44 45 37 39 55 119 127 95 91 90 88 89 93 77 109 125 61 53 52 54 50 51 115 83 87 71 69 68 70 78 94 126 62 58 56 57 49 33 35 43 107 75 79 111 110 108 100 36 38 34 42 106 74 72 104 96 32 48 112 80 81 65 73 9 25 29 28 60 124 116 118 102 98 114 82 18 26 24 8 40 41 105 97 113 117 
108
0 1 3 2 6 7 5 13 15 11 10 14 30 31 23 21 17 19 27 59 63 47 46 44 45 37 39 55 119 127 95 91 90 88 89 93 77 109 125 61 53 52 54 50 51 115 83 87 71 69 68 70 78 94 126 62 58 56 57 49 33 35 43 107 75 79 111 110 108 100 36 38 34 42 106 74 72 104 96 32 48 112 80 81 65 73 9 25 29 28 60 124 116 118 102 98 114 82 18 26 24 8 40 41 105 97 113 121 
108
0 1 3 2 6 7 5 13 15 11 10 14 30 31 23 21 17 19 27 59 63 47 46 44 45 37 39 55 119 127 95 91 90 88 89 93 77 109 125 61 53 52 54 50 51 115 83 87 71 69 68 70 78 94 126 62 58 56 57 49 33 35 43 107 75 79 111 110 108 100 36 38 34 42 106 74 72 104 96 32 48 112 80 81 113 97 105 41 40 8 24 26 18 82 114 98 102 118 116 124 60 28 29 25 9 73 65 64 
109
0 1 3 2 6 7 5 13 15 11 10 14 30 31 23 21 17 19 27 59 63 47 46 44 45 37 39 55 119 127 95 91 90 88 89 93 77 109 125 61 53 52 54 50 51 115 83 87 71 69 68 70 78 94 126 62 58 56 57 49 33 35 43 107 75 79 111 110 108 100 36 38 34 42 106 74 72 104 96 32 48 112 80 81 113 97 105 41 40 8 24 26 18 82 114 98 102 118 116 124 60 28 29 25 9 73 65 64 66 
110
0 1 3 2 6 7 5 13 15 11 10 14 30 31 23 21 17 19 27 59 63 47 46 44 45 37 39 55 119 127 95 91 90 88 89 93 77 109 125 61 53 52 54 50 51 115 83 87 71 69 68 70 78 94 126 62 58 56 57 49 33 35 43 107 75 79 111 110 108 100 36 38 34 42 106 74 72 104 96 32 48 112 80 81 113 97 105 41 40 8 24 26 18 82 114 98 102 118 116 124 60 28 29 25 9 73 65 64 66 67 
111
0 1 3 2 6 7 5 13 15 11 10 14 30 31 23 21 17 19 27 59 63 47 46 44 45 37 39 55 119 127 95 91 90 88 89 93 77 109 125 61 53 52 54 50 51 115 83 87 71 69 68 70 78 94 126 62 58 56 57 49 33 35 43 107 75 79 111 110 108 100 36 38 34 42 106 74 72 104 96 32 48 112 80 81 113 97 105 41 40 8 24 26 18 82 114 98 102 118 116 124 60 28 29 25 9 73 65 64 66 67 99 
112
0 1 3 2 6 7 5 13 15 11 10 14 30 31 23 21 17 19 27 59 63 47 46 44 45 37 39 55 119 127 95 91 90 88 89 93 77 109 125 61 53 52 54 50 51 115 83 87 71 69 68 70 78 94 126 62 58 56 57 49 33 35 43 107 75 79 111 110 108 100 36 38 34 42 106 74 72 104 96 32 48 112 80 81 113 97 105 41 40 8 24 26 18 82 114 98 102 118 116 124 60 28 29 25 9 73 65 64 66 67 99 103 
112
0 1 3 2 6 7 5 13 15 11 10 14 30 31 23 21 17 19 27 59 63 47 46 44 45 37 39 55 119 127 95 91 90 88 89 93 77 109 125 61 53 52 54 50 51 115 83 87 71 69 68 70 78 94 126 62 58 56 57 49 33 35 99 67 66 74 72 76 12 4 20 84 85 81 65 73 105 41 40 32 48 16 80 82 114 98 34 38 36 100 101 103 111 79 75 107 43 42 106 104 108 110 102 118 86 22 18 26 24 8 9 25 
113
0 1 3 2 6 7 5 13 15 11 10 14 30 31 23 21 17 19 27 59 63 47 46 44 45 37 39 55 119 127 95 91 90 88 89 93 77 109 125 61 53 52 54 50 51 115 83 87 71 69 68 70 78 94 126 62 58 56 57 49 33 35 99 67 66 74 72 76 12 4 20 84 85 81 65 73 105 41 40 32 48 16 80 82 114 98 34 38 36 100 101 103 111 79 75 107 43 42 106 104 108 110 102 118 86 22 18 26 24 8 9 25 29 
113
0 1 3 2 6 7 5 13 15 11 10 14 30 31 23 21 17 19 27 59 63 47 46 44 45 37 39 55 119 127 95 91 90 88 89 93 77 109 125 61 53 52 54 50 51 115 83 87 71 69 68 70 78 94 126 62 58 56 57 49 33 35 99 67 66 74 72 76 12 4 20 84 116 112 96 32 48 16 80 82 114 98 34 38 36 100 101 103 111 79 75 107 43 42 106 104 108 110 102 118 86 22 18 26 24 8 40 41 105 97 113 117 85 
113
0 1 3 2 6 7 5 13 15 11 10 14 30 31 23 21 17 19 27 59 63 47 46 44 45 37 39 55 119 127 95 91 90 88 89 93 77 109 125 61 53 52 54 50 51 115 83 87 71 69 68 70 78 94 126 62 58 56 57 49 33 41 9 25 29 28 60 124 116 117 101 97 65 67 99 35 34 42 43 107 105 73 75 79 111 103 102 38 36 100 96 98 114 118 86 22 20 4 12 8 24 26 18 82 66 64 80 16 48 112 120 122 123 
113
0 1 3 2 6 7 5 13 15 11 10 14 30 31 23 21 17 19 27 59 63 47 46 44 45 37 39 55 119 127 95 91 90 88 89 93 77 109 125 61 53 52 54 50 51 115 83 87 71 69 68 70 78 94 126 62 58 56 57 49 33 41 9 25 29 28 60 124 116 117 101 97 65 67 99 35 34 42 43 107 105 73 75 79 111 103 102 38 36 100 96 98 114 118 86 22 20 4 12 8 24 26 18 82 66 74 72 104 40 32 48 16 80 
114
0 1 3 2 6 7 5 13 15 11 10 14 30 31 23 21 17 19 27 59 63 47 46 44 45 37 39 55 119 127 95 91 90 88 89 93 77 109 125 61 53 52 54 50 51 115 83 87 71 69 68 70 78 94 126 62 58 56 57 49 33 41 9 25 29 28 60 124 116 117 101 97 65 67 99 35 34 42 43 107 105 73 75 79 111 103 102 38 36 100 96 98 114 118 86 22 20 4 12 8 24 26 18 82 66 74 72 104 40 32 48 16 80 64 
114
0 1 3 2 6 7 5 13 15 11 10 14 30 31 23 21 17 19 27 59 63 47 46 44 45 37 39 55 119 127 95 91 90 88 89 93 77 109 125 61 53 52 54 50 51 115 83 87 71 69 68 70 78 94 126 62 58 56 57 49 33 41 9 25 29 28 60 124 116 117 101 97 65 67 99 35 34 42 43 107 105 73 75 79 111 103 102 38 36 100 96 98 114 118 86 22 20 4 12 8 24 26 18 82 66 74 72 104 40 32 48 112 113 121 
114
0 1 3 2 6 7 5 13 15 11 10 14 30 31 23 21 17 19 27 59 63 47 46 44 45 37 39 55 119 127 95 91 90 88 89 93 77 109 125 61 53 52 54 50 51 115 83 87 71 69 68 70 78 94 126 62 58 56 57 49 33 41 9 25 29 28 60 124 116 117 101 97 65 67 99 35 34 42 43 107 105 73 75 79 111 103 102 38 36 100 96 98 114 118 86 22 20 4 12 8 24 26 18 82 66 74 72 104 40 32 48 112 113 81 
115
0 1 3 2 6 7 5 13 15 11 10 14 30 31 23 21 17 19 27 59 63 47 46 44 45 37 39 55 119 127 95 91 90 88 89 93 77 109 125 61 53 52 54 50 51 115 83 87 71 69 68 70 78 94 126 62 58 56 57 49 33 41 9 25 29 28 60 124 116 117 101 97 65 67 99 35 34 42 43 107 105 73 75 79 111 103 102 38 36 100 96 98 114 118 86 22 20 4 12 8 24 26 18 82 66 74 72 104 40 32 48 112 113 81 85 
115
0 1 3 2 6 7 5 13 15 11 10 14 30 31 23 21 17 19 27 59 63 47 46 44 45 37 39 55 119 127 95 91 90 88 89 93 77 109 125 61 53 52 54 50 51 115 83 87 71 69 68 70 78 94 126 62 58 56 60 124 116 117 101 103 111 79 75 107 43 42 40 41 57 49 113 81 85 84 92 76 12 8 24 26 18 22 86 118 102 100 96 97 33 35 99 67 66 64 65 73 9 25 29 28 20 4 36 38 34 98 114 82 80 112 120 
116
0 1 3 2 6 7 5 13 15 11 10 14 30 31 23 21 17 19 27 59 63 47 46 44 45 37 39 55 119 127 95 91 90 88 89 93 77 109 125 61 53 52 54 50 51 115 83 87 71 69 68 70 78 94 126 62 58 56 60 124 116 117 101 103 111 79 75 107 43 42 40 41 57 49 113 81 85 84 92 76 12 8 24 26 18 22 86 118 102 100 96 97 33 35 99 67 66 64 65 73 9 25 29 28 20 4 36 38 34 98 114 82 80 112 120 121 
116
0 1 3 2 6 7 5 13 15 11 10 14 30 31 23 21 17 19 27 59 63 47 46 44 45 37 39 55 119 127 95 91 90 88 89 93 77 109 125 61 53 52 54 50 51 115 83 87 71 69 68 70 78 94 126 62 58 56 60 124 116 117 101 103 111 79 75 107 43 42 40 41 57 49 113 81 85 84 92 76 12 8 24 26 18 22 86 118 102 100 96 97 33 35 99 67 66 64 65 73 9 25 29 28 20 4 36 38 34 98 114 82 80 112 120 122 
117
0 1 3 2 6 7 5 13 15 11 10 14 30 31 23 21 17 19 27 59 63 47 46 44 45 37 39 55 119 127 95 91 90 88 89 93 77 109 125 61 53 52 54 50 51 115 83 87 71 69 68 70 78 94 126 62 58 56 60 124 116 117 101 103 111 79 75 107 43 42 40 41 57 49 113 81 85 84 92 76 12 8 24 26 18 22 86 118 102 100 96 97 33 35 99 67 66 64 65 73 9 25 29 28 20 4 36 38 34 98 114 82 80 112 120 122 123 
117
0 1 3 2 6 7 5 13 15 11 10 14 30 31 23 21 17 19 27 59 63 47 46 44 45 37 39 55 119 127 95 91 90 88 89 93 77 109 125 61 53 52 54 50 51 115 83 87 71 69 68 70 78 94 126 62 58 56 60 124 116 117 101 103 111 79 75 107 43 42 40 104 106 110 102 118 86 22 20 84 85 81 65 67 99 35 34 38 36 4 12 8 24 26 18 82 66 74 72 73 9 41 105 97 113 112 80 16 48 32 33 49 57 25 29 28 92 
118
0 1 3 2 6 7 5 13 15 11 10 14 30 31 23 21 17 19 27 59 63 47 46 44 45 37 39 55 119 127 95 91 90 88 89 93 77 109 125 61 53 52 54 50 51 115 83 87 71 69 68 70 78 94 126 62 58 56 60 124 116 117 101 103 111 79 75 107 43 42 40 104 106 110 102 118 86 22 20 84 85 81 65 67 99 35 34 38 36 4 12 8 24 26 18 82 66 74 72 73 9 41 105 97 113 112 80 16 48 32 33 49 57 25 29 28 92 76 
119
0 1 3 2 6 7 5 13 15 11 10 14 30 31 23 21 17 19 27 59 63 47 46 44 45 37 39 55 119 127 95 91 90 88 89 93 77 109 125 61 53 52 54 50 51 115 83 87 71 69 68 70 78 94 126 62 58 56 60 124 116 117 101 103 111 79 75 107 43 42 40 104 106 110 102 118 86 22 20 84 85 81 65 67 99 35 34 38 36 4 12 8 24 26 18 82 66 74 72 73 9 41 105 97 113 112 80 16 48 32 33 49 57 25 29 28 92 76 108 
120
0 1 3 2 6 7 5 13 15 11 10 14 30 31 23 21 17 19 27 59 63 47 46 44 45 37 39 55 119 127 95 91 90 88 89 93 77 109 125 61 53 52 54 50 51 115 83 87 71 69 68 70 78 94 126 62 58 56 60 124 116 117 101 103 111 79 75 107 43 42 40 104 106 110 102 118 86 22 20 84 85 81 65 67 99 35 34 38 36 4 12 8 24 26 18 82 66 74 72 73 9 41 105 97 113 112 80 16 48 32 33 49 57 25 29 28 92 76 108 100 
121
0 1 3 2 6 7 5 13 15 11 10 14 30 31 23 21 17 19 27 59 63 47 46 44 45 37 39 55 119 127 95 91 90 88 89 93 77 109 125 61 53 52 54 50 51 115 83 87 71 69 68 70 78 94 126 62 58 56 60 124 116 117 101 103 111 79 75 107 43 42 40 104 106 110 102 118 86 22 20 84 85 81 65 67 99 35 34 38 36 4 12 8 24 26 18 82 66 74 72 73 9 41 105 97 113 112 80 16 48 32 33 49 57 25 29 28 92 76 108 100 96 
121
0 1 3 2 6 7 5 13 15 11 10 14 30 31 23 21 17 19 27 59 63 47 46 44 45 37 39 55 119 127 95 91 90 88 89 93 77 109 125 61 53 52 54 50 51 115 83 87 71 69 68 70 78 94 126 62 58 56 60 124 116 117 101 103 111 79 75 107 43 42 106 110 108 100 102 118 86 22 18 26 24 8 12 76 92 84 85 81 113 49 57 41 40 104 72 74 66 67 99 35 33 32 48 16 80 82 114 98 34 38 36 4 20 28 29 25 9 73 65 97 105 
122
0 1 3 2 6 7 5 13 15 11 10 14 30 31 23 21 17 19 27 59 63 47 46 44 45 37 39 55 119 127 95 91 90 88 89 93 77 109 125 61 53 52 54 50 51 115 83 87 71 69 68 70 78 94 126 62 58 56 60 124 116 117 101 103 111 79 75 107 43 42 106 110 108 100 102 118 86 22 18 26 24 8 12 76 92 84 85 81 113 49 57 41 40 104 72 74 66 67 99 35 33 32 48 16 80 82 114 98 34 38 36 4 20 28 29 25 9 73 65 97 105 121 
123
0 1 3 2 6 7 5 13 15 11 10 14 30 31 23 21 17 19 27 59 63 47 46 44 45 37 39 55 119 127 95 91 90 88 89 93 77 109 125 61 53 52 54 50 51 115 83 87 71 69 68 70 78 94 126 62 58 56 60 124 116 117 101 103 111 79 75 107 43 42 106 110 108 100 102 118 86 22 18 26 24 8 12 76 92 84 85 81 113 49 57 41 40 104 72 74 66 67 99 35 33 32 48 16 80 82 114 98 34 38 36 4 20 28 29 25 9 73 65 97 105 121 123 
124
0 1 3 2 6 7 5 13 15 11 10 14 30 31 23 21 17 19 27 59 63 47 46 44 45 37 39 55 119 127 95 91 90 88 89 93 77 109 125 61 53 52 54 50 51 115 83 87 71 69 68 70 78 94 126 62 58 56 60 124 116 117 101 103 111 79 75 107 43 42 106 110 108 100 102 118 86 22 18 26 24 8 12 76 92 84 85 81 113 49 57 41 40 104 72 74 66 67 99 35 33 32 48 16 80 82 114 98 34 38 36 4 20 28 29 25 9 73 65 97 105 121 123 122 
124
0 1 3 2 6 7 5 13 15 11 10 14 30 31 23 21 17 19 27 59 63 47 46 44 45 37 39 55 119 127 95 91 90 88 89 93 77 109 125 61 53 52 54 50 51 115 83 87 71 69 68 70 86 22 18 26 24 8 12 4 36 32 40 42 106 74 66 67 75 107 123 121 57 56 120 112 113 81 65 73 9 25 29 28 20 84 85 117 101 97 33 49 48 16 80 82 114 98 34 38 102 110 108 76 72 104 105 41 43 35 99 103 111 79 78 94 92 124 60 62 58 122 126 118 
124
0 1 3 2 6 7 5 13 15 11 10 14 30 31 23 21 17 19 27 59 63 47 46 44 45 37 39 55 119 127 95 91 90 88 89 93 77 109 125 61 53 52 54 50 51 115 83 87 71 69 68 70 86 22 18 26 58 122 120 104 96 98 66 82 114 118 126 62 60 124 108 110 111 79 75 67 99 35 43 41 40 56 24 16 80 112 116 100 36 4 12 76 72 64 65 97 33 32 48 49 113 81 85 117 101 103 102 38 34 42 106 74 78 94 92 84 20 28 29 25 57 121 123 107 
124
0 1 3 2 6 7 5 13 15 11 10 14 30 31 23 21 17 19 27 59 63 47 46 44 45 37 39 55 119 127 95 91 90 88 89 93 77 109 125 61 53 52 54 50 51 115 83 87 71 69 68 70 86 22 18 26 58 122 120 104 96 98 66 82 114 118 126 62 60 124 108 110 111 79 75 67 99 35 43 41 40 8 24 16 80 112 116 100 36 4 12 76 72 64 65 73 9 25 29 28 20 84 92 94 78 74 106 42 34 38 102 103 101 117 85 81 113 49 48 56 57 121 123 107 
124
0 1 3 2 6 7 5 13 15 11 10 14 30 31 23 21 17 19 27 59 63 47 46 44 45 37 39 55 119 127 95 91 90 88 89 93 77 109 125 61 53 52 54 50 51 115 83 87 71 69 68 76 12 8 24 16 48 49 33 35 99 67 75 79 111 110 108 124 60 62 126 118 114 82 66 98 96 100 36 4 20 22 18 26 58 122 123 107 105 97 65 73 9 25 29 28 92 94 86 70 78 74 106 42 43 41 57 121 113 81 80 64 72 104 40 56 120 112 116 84 85 117 101 103 
124
0 1 3 2 6 7 5 13 15 11 10 14 30 31 23 21 17 19 27 59 63 47 46 44 45 37 39 55 119 127 95 91 90 88 89 93 77 109 125 61 53 52 54 50 51 115 83 87 71 69 68 84 116 124 60 56 40 41 43 107 75 67 66 70 86 94 92 28 29 25 9 73 65 64 96 98 34 42 106 74 72 104 105 97 33 35 99 103 111 79 78 76 12 8 24 16 80 82 114 118 102 38 36 4 20 22 18 26 58 62 126 110 108 100 101 117 85 81 113 49 57 121 123 122 
124
0 1 3 2 6 7 5 13 15 11 10 14 30 31 23 21 17 19 27 59 63 47 46 44 45 37 39 55 119 127 95 91 90 88 89 93 77 109 125 61 53 52 54 50 51 115 83 87 71 69 68 84 20 22 18 26 58 42 40 56 48 49 113 81 85 117 101 103 102 38 34 98 106 74 78 76 12 4 36 100 116 112 80 16 24 8 9 73 65 97 96 32 33 41 57 25 29 28 92 94 86 70 66 82 114 118 126 62 60 124 108 110 111 79 75 67 99 35 43 107 105 104 72 64 
124
0 1 3 2 6 7 5 13 15 11 10 14 30 31 23 21 17 19 27 59 63 47 46 44 45 37 39 55 119 127 95 91 90 88 89 93 77 109 125 61 53 52 54 50 51 115 83 87 71 69 68 84 20 22 18 26 58 42 40 56 48 49 113 81 85 117 101 103 102 38 34 98 106 74 78 76 12 4 36 100 116 112 80 16 24 8 9 73 65 97 96 32 33 41 57 25 29 28 92 94 86 70 66 82 114 118 126 62 60 124 108 110 111 79 75 67 99 35 43 107 105 121 123 122 
124
0 1 3 2 6 7 5 13 15 11 10 14 30 31 23 21 17 19 27 59 63 47 46 44 45 37 39 55 119 127 95 91 90 88 89 93 77 109 125 61 53 52 54 50 51 115 83 87 71 69 68 4 12 28 29 25 57 49 33 32 40 41 9 73 65 67 75 79 111 110 126 62 60 124 116 118 114 82 66 98 34 35 99 103 101 117 85 84 20 16 24 8 72 76 92 94 86 22 18 26 58 42 43 107 123 121 113 81 80 112 48 56 120 122 106 74 78 70 102 38 36 100 108 104 
125
0 1 3 2 6 7 5 13 15 11 10 14 30 31 23 21 17 19 27 59 63 47 46 44 45 37 39 55 119 127 95 91 90 88 89 93 77 109 125 61 53 52 54 50 51 115 83 87 71 69 68 4 12 28 29 25 57 49 33 32 40 41 9 73 65 67 75 79 111 110 126 62 60 124 116 118 114 82 66 98 34 35 99 103 101 117 85 84 20 16 24 8 72 76 92 94 86 22 18 26 58 42 43 107 123 121 113 81 80 112 48 56 120 122 106 74 78 70 102 38 36 100 108 104 105 
125
0 1 3 2 6 7 5 13 15 11 10 14 30 31 23 21 17 19 27 59 63 47 46 44 45 37 39 55 119 127 95 91 90 88 89 93 77 109 125 61 53 52 54 50 51 115 83 87 71 69 68 4 12 28 29 25 57 49 33 97 105 104 72 8 24 16 20 84 85 117 101 103 99 35 34 98 66 82 114 118 116 124 60 62 126 110 111 79 75 67 65 73 9 41 40 32 36 38 102 70 78 74 106 122 120 56 48 112 80 81 113 121 123 107 43 42 58 26 18 22 86 94 92 76 108 
125
0 1 3 2 6 7 5 13 15 11 10 14 30 31 23 21 17 19 27 59 63 47 46 44 45 37 39 55 119 127 95 91 90 88 89 93 77 109 125 61 53 52 54 50 51 115 83 87 71 69 85 84 20 22 18 26 58 42 40 41 33 97 105 73 72 76 12 4 68 64 96 104 120 56 60 62 126 94 86 70 78 74 106 122 123 121 57 49 113 81 65 67 66 98 34 32 48 112 80 82 114 118 102 38 36 100 108 110 111 79 75 107 43 35 99 103 101 117 116 124 92 28 29 25 9 
125
0 1 3 2 6 7 5 13 15 11 10 14 30 31 23 21 17 19 27 59 63 47 46 44 45 37 39 55 119 127 95 91 90 88 89 93 77 109 125 61 53 52 54 50 51 115 83 87 71 69 85 117 116 124 60 56 120 104 72 64 65 81 113 49 57 121 123 122 106 74 78 94 86 22 20 28 29 25 9 73 105 97 96 112 48 16 24 8 12 76 92 84 80 82 18 26 58 62 126 110 108 100 101 103 111 79 75 107 43 42 40 41 33 35 99 67 66 70 68 4 36 38 102 118 114 
125
0 1 3 2 6 7 5 13 15 11 10 14 30 31 23 21 17 19 27 59 63 47 46 44 45 37 39 55 119 127 95 91 90 88 89 93 77 109 125 61 53 52 54 50 51 115 83 87 71 69 101 100 36 38 34 98 66 74 72 8 40 32 33 35 99 103 111 79 78 94 92 124 60 56 48 112 120 104 108 76 12 4 20 28 29 25 9 73 65 67 75 107 106 42 43 41 57 49 113 81 85 117 116 118 102 110 126 62 58 26 24 16 80 84 68 70 86 22 18 82 114 122 123 121 105 
125
0 1 3 2 6 7 5 13 15 11 10 14 30 31 23 21 17 19 27 59 63 47 46 44 45 37 39 55 119 127 95 91 90 88 89 93 77 109 125 61 53 52 54 50 51 115 83 87 71 69 101 103 102 38 34 98 66 74 72 104 105 107 43 35 99 67 75 79 111 110 108 124 60 62 126 118 114 82 86 70 78 94 92 28 29 25 57 49 33 32 48 16 24 8 12 76 68 84 116 112 120 56 40 41 9 73 65 97 96 100 36 4 20 22 18 26 58 42 106 122 123 121 113 117 85 
125
0 1 3 2 6 7 5 13 15 11 10 14 30 31 23 21 17 19 27 59 63 47 46 44 45 37 39 55 119 127 95 91 90 88 89 93 77 109 125 61 53 52 54 50 51 115 83 67 65 69 101 117 116 124 60 56 58 62 126 94 78 70 68 64 80 16 48 112 120 104 105 73 9 41 33 32 36 100 108 110 111 79 75 107 43 35 99 97 96 98 114 118 86 22 20 84 92 76 72 8 40 42 34 38 102 103 71 87 85 81 113 49 57 121 123 122 106 74 66 82 18 26 24 25 29 
125
0 1 3 2 6 7 5 13 15 11 10 14 30 31 23 21 17 19 27 59 63 47 46 44 45 37 39 55 119 127 95 91 90 88 89 93 77 109 125 61 53 52 54 50 51 115 83 67 71 87 85 84 20 22 18 26 58 42 40 41 33 97 105 73 72 76 12 4 68 69 65 81 113 49 57 121 123 122 106 74 78 70 86 94 126 62 60 56 120 104 96 64 66 98 34 32 48 112 80 82 114 118 102 38 36 100 108 110 111 79 75 107 43 35 99 103 101 117 116 124 92 28 29 25 9 
125
0 1 3 2 6 7 5 13 15 11 10 14 30 31 23 21 17 19 27 59 63 47 46 44 45 37 39 55 119 127 95 91 90 88 89 93 77 109 125 61 53 52 54 50 58 62 126 94 78 110 108 100 96 112 48 16 80 82 114 118 102 38 36 4 12 8 24 26 18 22 86 70 68 69 101 103 99 35 34 98 66 67 83 81 113 49 51 115 123 122 106 74 75 73 9 41 33 32 40 42 43 107 111 79 71 87 85 117 116 124 60 56 120 104 72 76 92 84 20 28 29 25 57 121 105 
126
0 1 3 2 6 7 5 13 15 11 10 14 30 31 23 21 17 19 27 59 63 47 46 44 45 37 39 55 119 127 95 91 90 88 89 93 77 109 125 61 53 52 54 50 58 62 126 94 78 110 108 100 96 112 48 16 80 82 114 118 102 38 36 4 12 8 24 26 18 22 86 70 68 69 101 103 99 35 34 98 66 67 83 81 113 49 51 115 123 122 106 74 75 73 9 41 33 32 40 42 43 107 111 79 71 87 85 117 116 124 60 56 120 104 72 76 92 84 20 28 29 25 57 121 105 97 
126
0 1 3 2 6 7 5 13 15 11 10 14 30 31 23 21 17 19 27 59 63 47 46 44 45 37 39 55 119 127 95 91 90 88 89 93 77 109 125 61 53 52 54 118 114 82 66 67 75 73 9 8 40 41 105 97 65 69 101 103 102 110 126 62 58 26 24 16 48 32 33 49 57 25 29 28 12 4 20 84 80 112 96 98 99 35 51 115 83 81 113 121 123 122 106 42 43 107 111 79 71 87 85 117 116 124 60 56 120 104 108 76 92 94 86 22 18 50 34 38 36 100 68 70 78 74 
126
0 1 3 2 6 7 5 13 15 11 10 14 30 31 23 21 17 19 27 59 63 47 46 44 45 37 39 55 119 127 95 91 90 88 89 93 77 109 125 61 53 52 54 118 114 82 66 67 83 115 123 121 57 56 40 8 24 26 18 50 51 35 43 41 105 107 75 79 111 110 102 38 36 32 33 97 99 103 71 87 86 22 20 16 80 64 65 73 9 25 29 28 92 84 68 70 78 94 126 122 58 62 60 124 116 117 101 69 85 81 113 49 48 112 120 104 72 74 106 42 34 98 96 100 108 76 
127
0 1 3 2 6 7 5 13 15 11 10 14 30 31 23 21 17 19 27 59 63 47 46 44 45 37 39 55 119 127 95 91 90 88 89 93 77 109 125 61 53 52 54 118 114 82 66 67 83 115 123 121 57 56 40 8 24 26 18 50 51 35 43 41 105 107 75 79 111 110 102 38 36 32 33 97 99 103 71 87 86 22 20 16 80 64 65 73 9 25 29 28 92 84 68 70 78 94 126 122 58 62 60 124 116 117 101 69 85 81 113 49 48 112 120 104 72 74 106 42 34 98 96 100 108 76 12 
127
0 1 3 2 6 7 5 13 15 11 10 14 30 31 23 21 17 19 27 59 63 47 46 44 45 37 39 55 119 127 95 91 90 88 89 93 77 109 125 61 53 52 54 118 114 82 66 67 83 115 123 121 57 56 120 104 72 74 106 98 34 42 40 8 24 26 18 50 51 35 43 41 105 107 75 79 111 110 102 38 36 32 33 97 99 103 71 87 86 22 20 16 80 64 65 73 9 25 29 28 92 84 68 70 78 94 126 122 58 62 60 124 116 117 101 69 85 81 113 49 48 112 96 100 108 76 12 
127
0 1 3 2 6 7 5 13 15 11 10 14 30 31 23 21 17 19 27 59 63 47 46 44 45 37 39 55 119 127 95 91 90 88 89 93 77 109 125 61 53 52 54 118 114 82 66 64 65 73 9 25 29 28 20 22 86 87 71 79 111 107 105 41 40 56 60 124 116 117 85 69 101 103 99 35 43 42 58 62 126 94 92 84 68 100 96 98 34 50 18 26 24 8 72 74 75 67 83 115 51 49 57 121 123 122 106 110 78 70 102 38 36 32 33 97 113 81 80 16 48 112 120 104 108 76 12 
0 1 3 2 6 7 5 13 15 11 10 14 30 31 23 21 17 19 27 59 63 47 46 44 45 37 39 55 119 127 95 91 90 88 89 93 77 109 125 61 53 52 54 118 114 82 66 64 65 73 9 25 29 28 20 22 86 87 71 79 111 107 105 41 40 56 60 124 116 117 85 69 101 103 99 35 43 42 58 62 126 94 92 84 68 100 96 98 34 50 18 26 24 8 72 74 75 67 83 115 51 49 57 121 123 122 106 110 78 70 102 38 36 32 33 97 113 81 80 16 48 112 120 104 108 76 12 4 