
1
2e-07
2
7.78e-05
3
8.52e-05
4
9.05e-05
5
9.71e-05
6
0.0001023
7
0.0001076
8
0.0001144
9
0.0001198
10
0.0001253
11
0.0001307
12
0.0001369
13
0.0001422
14
0.0001477
15
0.0001541
16
0.0001595
17
0.000165
18
0.0001705
19
0.000177
20
0.0001829
21
0.0001886
22
0.0001953
23
0.0002009
24
0.0002066
25
0.0002133
26
0.0002191
27
0.000225
28
0.0002309
29
0.0002377
30
0.0002437
31
0.0002498
32
0.0002567
33
0.0002628
34
0.000269
35
0.0002755
36
0.0002835
37
0.0002899
38
0.0002962
39
0.0003036
40
0.0003101
41
0.0003165
42
0.0003231
43
0.0003307
44
0.0003372
45
0.0003438
46
0.0003513
47
0.0003578
48
0.0003645
49
0.0003719
50
0.0003787
51
0.0003855
52
0.0003927
52
0.0004033
52
0.0004106
53
0.0004175
54
0.0004242
55
0.000431
56
0.0004389
57
0.0004459
58
0.0004528
59
0.0004598
60
0.0004993
61
0.0005073
62
0.0005151
62
0.0005235
63
0.0005309
64
0.0005387
65
0.0005461
66
0.0005545
67
0.0005622
68
0.0005696
69
0.000577
70
0.0005855
71
0.0005961
72
0.0006043
72
0.0006131
73
0.0006209
74
0.0006285
75
0.0006362
76
0.0006439
77
0.0006526
78
0.0006604
79
0.0006683
80
0.0006784
81
0.0006863
82
0.0006946
83
0.0007037
84
0.0007116
85
0.0007217
85
0.0007303
85
0.0007387
86
0.0007469
86
0.0007561
87
0.0007643
88
0.0007725
89
0.0007806
90
0.00079
91
0.0007988
92
0.0008072
92
0.0008157
92
0.0008242
92
0.0008342
93
0.0008428
94
0.0008524
95
0.000861
96
0.0008694
97
0.0008789
98
0.0008878
99
0.0008966
100
0.0009053
101
0.0009156
102
0.0009246
103
0.0009333
104
0.000945
105
0.000954
106
0.000963
107
0.0009733
108
0.0009824
109
0.0009914
110
0.0010003
111
0.0010111
112
0.0010204
113
0.0010295
114
0.0010401
115
0.0010511
116
0.0010607
116
0.0010703
116
0.0010807
116
0.0010909
116
0.0011006
116
0.0011101
117
0.0011195
118
0.0011313
119
0.0011407
120
0.0011517
121
0.0011626
122
0.0011722
123
0.0011819
124
0.0011931
125
0.0012028
126
0.0012124
127
0.0012222
128
0.0012331
129
0.0012451
130
0.0012553
131
0.0012666
132
0.0012766
133
0.0012866
134
0.0012965
134
0.0013087
134
0.0013193
134
0.0013297
135
0.0013417
136
0.001352
137
0.0013621
137
0.0013741
137
0.0013845
138
0.0013953
139
0.0014056
139
0.001416
140
0.0014293
140
0.0014403
141
0.0014508
142
0.0014627
143
0.0014731
143
0.0014839
144
0.0014943
144
0.0015064
144
0.0015171
144
0.0015295
145
0.0015402
146
0.0015506
146
0.0015618
147
0.0015724
148
0.0015843
148
0.0015951
149
0.0016059
150
0.0016194
151
0.0016309
152
0.0016429
153
0.0016539
153
0.001665
153
0.001676
153
0.0016874
153
0.0017004
153
0.0017115
153
0.0017227
154
0.0017334
154
0.0017461
155
0.0017571
156
0.001768
157
0.001779
158
0.0017917
159
0.0018044
159
0.0018156
160
0.0018269
161
0.0018382
161
0.0018507
162
0.0018619
163
0.0018747
163
0.0018869
164
0.0018983
164
0.0019112
164
0.0019232
165
0.0019347
166
0.0019458
166
0.001959
167
0.0019705
168
0.0019819
168
0.0019952
168
0.0020071
168
0.0020191
168
0.0020306
168
0.0020438
168
0.002056
169
0.0020675
170
0.0020789
171
0.0020908
172
0.0021037
173
0.0021152
174
0.0021288
175
0.0021407
175
0.0021543
175
0.0021664
176
0.0021788
177
0.0021908
178
0.0022051
178
0.0022232
178
0.002236
179
0.0022479
180
0.0022598
180
0.002272
180
0.0022842
180
0.0022981
180
0.002311
181
0.002323
182
0.0023362
183
0.0023482
183
0.0023605
184
0.0023739
184
0.0023866
184
0.0024053
184
0.0024182
184
0.0024323
185
0.0024452
185
0.0024613
185
0.0024755
186
0.0024951
186
0.0025445
186
0.0025601
186
0.0025785
186
0.0025913
186
0.0026103
186
0.0026721
187
0.0026852
188
0.0026981
188
0.0027132
189
0.0027259
189
0.0027427
190
0.0027556
190
0.0027699
190
0.0027834
190
0.002809
190
0.0028233
190
0.002842
190
0.0028561
190
0.0028691
190
0.0028943
190
0.0029097
191
0.0029227
192
0.0029366
193
0.0029507
194
0.0029632
194
0.0029791
195
0.0030066
196
0.0030231
196
0.0030546
196
0.0031293
196
0.0031572
196
0.0032374
196
0.0032544
196
0.003274
196
0.0032937
196
0.0033101
196
0.0033357
196
0.0033515
196
0.0033677
196
0.0033878
196
0.0034031
196
0.0034185
196
0.0034419
196
0.0034574
196
0.0039829
196
0.0040031
196
0.0040201
196
0.0040333
197
0.0040461
198
0.0040588
199
0.0040716
200
0.0040874
200
0.0041024
200
0.0041182
200
0.0041315
200
0.004145
201
0.0041602
202
0.0041746
202
0.0041935
202
0.0042083
202
0.0042588
202
0.0042761
202
0.0053275
202
0.0053457
202
0.0054011
202
0.0054179
202
0.0054332
202
0.0082096
202
0.0133256
202
0.0134011
202
0.0175552
202
0.017709
202
0.0255547
202
0.0255956
202
0.0256159
202
0.0256294
202
0.0256427
202
0.0256558
202
0.0257529
202
0.0257692
202
0.0257838
202
0.0257967
202
0.0258094
202
0.0258303
202
0.0258441
202
0.0258598
202
0.0258729
202
0.0258856
202
0.025899
202
0.0262585
202
0.0262734
202
0.0262886
202
0.0263676
202
0.0263937
202
0.0264178
202
0.0264326
202
0.0264487
202
0.0275652
202
0.0275788
202
0.0275921
202
0.0276159
202
0.0276325
202
0.0276488
202
0.0276624
202
0.0281819
202
0.0282033
202
0.0298688
202
0.0298831
202
0.0298975
202
0.0302679
202
0.0302815
202
0.0302944
202
0.0331877
202
0.0411854
202
0.0412163
202
0.0412304
202
0.0412434
202
0.0413419
203
0.0413551
204
0.0413704
204
0.0413857
204
0.0417199
205
0.0417335
205
0.0417539
205
0.0428004
205
0.0428176
205
0.0621969
205
0.062233
205
0.0631301
205
0.0631462
205
0.0672562
205
0.0672796
205
0.0673901
206
0.0674039
206
0.113174
207
0.1132
207
0.201627
207
0.202485
208
0.202507
208
0.30535
208
0.306411
209
0.306431
210
0.30645
210
0.324435
210
0.332096
210
0.33212
210
0.332141
210
0.33216
210
0.332174
210
0.332266
210
0.388756
210
0.388952
210
0.388971
210
0.388996
210
0.417872
210
0.417902
210
0.431971
210
0.431999
210
0.432065
210
0.432081
210
0.432103
210
0.445061
210
0.445088
210
0.445104
210
0.445241
210
0.445255
211
0.445268
212
0.44528
212
0.552213
212
0.552263
212
0.552278
212
5.69697
212
9.3232
213
9.32326
214
9.32328
214
9.44617
215
9.44622
216
9.44623
216
10.3816
216
39.7557
216
39.7558
216
187.445
216
195.393
216
195.844
216
195.844
216
204.742
216
204.952
216
204.952
216
207.855
216
208.489
216
465.811
216
466.829
216
466.834
216
469.136
217
469.136
218
469.136
218
602.031
218
643.272
218
643.637
218
945.717
218
1020.86
218
1020.86
218
1020.86
218
1021.45
218
1023.28
218
1023.36
219
1023.36
219
1023.36
219
1419.58
219
1419.58
219
1419.58
219
1419.64
219
1419.64
220
1419.64
220
1419.64
220
1419.64
220
1419.64
220
1776.37
220
1779.55
220
1810.69
220
2124.24
220
2130.84
221
2130.84
222
2130.84
223
2130.84
224
2130.84
225
2130.84
226
2130.84
226
2681.64
226
21855.4
227
21855.4
228
21855.4
228
24837.2
228
39136.7
229
39136.7
229
43656.3
230
43656.3
230
73799.2
230
93658.3
230
94018.7
230
94019.8
230
95497.4
230
96309
231
96309
231
97833.9
232
97833.9
233
97833.9
234
97833.9
234
97833.9