
1
2e-07
2
8.26e-05
3
9.03e-05
4
9.56e-05
5
0.0001027
6
0.0001084
7
0.0001136
8
0.0001188
9
0.0001256
10
0.000131
11
0.0001363
12
0.0001426
13
0.000148
14
0.0001535
15
0.00016
16
0.0001657
17
0.0001712
18
0.0001767
19
0.0001834
20
0.000189
21
0.0001947
22
0.0002015
23
0.0002073
24
0.0002137
25
0.0002194
26
0.0002263
27
0.0002322
28
0.0002382
29
0.0002452
30
0.0002513
31
0.0002574
32
0.0002644
33
0.0002707
34
0.0002768
35
0.000283
36
0.0002902
37
0.0002966
38
0.0003029
39
0.0003103
39
0.0003172
39
0.0003237
40
0.0003301
41
0.0003366
42
0.0003431
43
0.0003507
44
0.0003572
45
0.0003637
46
0.0003711
47
0.0003778
47
0.0003846
48
0.0003913
49
0.000398
50
0.0004057
51
0.0004161
52
0.0004235
53
0.0004314
54
0.0004384
55
0.0004456
55
0.0004541
56
0.0004614
57
0.0004684
58
0.0004753
59
0.0004824
60
0.0004907
61
0.0004981
62
0.0005053
63
0.0005135
64
0.0005209
65
0.0005282
66
0.0005358
66
0.0005446
67
0.000552
68
0.0005594
69
0.0005669
70
0.0005755
71
0.0005851
72
0.000593
72
0.0006018
72
0.0006096
72
0.0006172
72
0.000625
73
0.0006326
74
0.0006406
75
0.0006483
76
0.0006562
77
0.000665
77
0.000673
78
0.0006809
79
0.0006888
80
0.0006981
81
0.0007062
82
0.0007144
82
0.0007225
82
0.0007324
82
0.0007407
83
0.0007488
83
0.0007586
83
0.0007668
84
0.000775
85
0.0007832
86
0.0007912
87
0.0008005
87
0.0008091
87
0.0008179
87
0.00083
88
0.0008386
89
0.0008469
90
0.0008563
91
0.0008671
91
0.0008759
92
0.0008843
93
0.0008928
94
0.0009023
95
0.0009109
96
0.0009194
97
0.0009293
98
0.0009379
99
0.0009466
99
0.0009595
99
0.0009685
99
0.0009773
99
0.0009863
100
0.0009965
101
0.0010065
102
0.0010153
103
0.0010242
104
0.0010348
105
0.0010437
105
0.0010596
105
0.001132
106
0.0011414
107
0.0011508
107
0.0011951
108
0.0012047
108
0.0026315
108
0.0026537
108
0.0036742
108
0.0037144
108
0.0037243
108
0.0037616
108
0.0037714
108
0.0037805
108
0.0037976
109
0.0038074
110
0.0038166
111
0.0038286
112
0.0038407
112
0.0659421
113
0.0659765
113
0.067851
113
0.236101
113
0.236155
114
0.236165
114
0.236175
114
0.236184
115
0.236194
115
1.02775
116
1.0278
116
1.02782
117
1.02783
117
1.05525
118
1.05529
119
1.0553
120
1.05531
121
1.05533
121
1.07306
121
1.07308
122
1.07309
123
1.0731
124
1.07311
124
72.5156
124
129.807
124
129.808
124
398.009
124
619.268
124
639.442
124
639.442
124
1096.54
125
1096.54
125
1111.41
125
1882.51
125
2402.92
125
2646.81
125
3049.68
125
6170.73
125
9343.21
125
12721.7
126
12721.7
126
61169.4
126
62408.7
127
62408.7
127
62485.5
127
63670.1
63670.1