
7.39e-05
0.0004308
0.0007421
0.0007767
0.0007965
0.000818
0.0009284
0.0009605
0.0009765
0.0010005
0.0026984
0.0032937
0.0034349
0.0037237
0.004004
0.0040339
0.0040524
0.0040893
0.0041104
0.0041267
0.0042265
0.0042577
0.0059862
0.0065684
0.0067462
0.007048
0.0072565
0.0072751
0.0073749
0.0074166
0.0074338
0.0074492
0.0075497
0.007594
0.0093039
0.0099259
0.0107886
0.0111035
0.0113297
0.0114151
0.0119549
0.0120399
0.0127312
0.0128311
0.0130425
0.0130617
0.0131523
0.0132015
0.0132098
0.0134676
0.0136118
0.0138244
0.0138442
0.0139344
0.0139831
0.0139955
0.0147303
0.0150883
0.0152669
0.0153671
0.0159089
0.0159679
0.0166763
0.0168519
0.0170047
0.0170286
0.0171194
0.0171702
0.0171786
0.0175652
0.0177021
0.0177927
0.017812
0.0178981
0.017949
0.0179609
0.0189305
0.0193114
0.0194724
0.0195392
0.0200967
0.0201836
0.0210624
0.021229
0.0212543
0.0212746
0.0213618
0.021416
0.0214241
0.0219676
0.022176
0.0222012
0.022222
0.0223081
0.02236
0.0223716
0.0224906
0.0227538
0.0231057
0.0231359
0.0231532
0.0231802
0.023284
0.0233224
0.023341
0.0233722
0.0251692
0.0257973
0.0259665
0.0260116
0.0260287
0.0260661
0.0261343
0.0264623
0.0266332
0.026668
0.0266844
0.0267406
0.0273091
0.028664
0.0291602
0.0291813
0.0292823
0.0293268
0.0294144
0.0297125
0.0299063
0.0299325
0.0299516
0.0300142
0.0305819
0.0319432
0.0330037
0.0333188
0.0336528
0.0337345
0.0343413
0.034428
0.0351278
0.0352146
0.0354576
0.0354708
0.0355477
0.0356106
0.0356228
0.0358838
0.0360181
0.0362618
0.0362738
0.0363592
0.0364304
0.0364399
0.0365894
0.0367021
0.0378349
0.0382658
0.0383322
0.0385047
0.0392079
0.0393774
0.0395381
0.039558
0.0396225
0.0397085
0.0397172
0.0398072
0.0398282
0.0399169
0.0403049
0.0404295
0.0405061
0.0405181
0.0406642
0.0407514
0.0419838
0.0423699
0.0424246
0.0426045
0.0433985
0.0435489
0.043586
0.0436046
0.0436664
0.0437564
0.0437653
0.0438539
0.0438762
0.043965
0.0444167
0.0444712
0.0445515
0.0445635
0.0447395
0.0447713
0.0447849
0.0448143
0.0448694
0.0451679
0.0453815
0.0454451
0.0455181
0.0455298
0.0460619
0.0474298
0.0479998
0.0480293
0.048043
0.0480886
0.0481326
0.0484492
0.0486457
0.0486774
0.0486893
0.0487511
0.0493237
0.0506755
0.0511765
0.051195
0.0512128
0.0512706
0.0513603
0.0513781
0.0513933
0.0514533
0.0516287
0.0519045
0.052174
0.0527632
0.0544789
0.0545787
0.055605
0.0559822
0.056204
0.0563948
0.0570435
0.0571255
0.0573777
0.0573926
0.0574396
0.0575323
0.0575446
0.057644
0.0576545
0.0577328
0.0579877
0.0581186
0.0583302
0.0583393
0.0584952
0.0586013
0.0596593
0.060093
0.0602612
0.0604284
0.0610944
0.0612461
0.0614402
0.0614555
0.0615043
0.0615976
0.0616099
0.0617095
0.0617208
0.0617951
0.0621809
0.0623197
0.0624005
0.06241
0.0625135
0.0627116
0.0631617
0.0633678
0.0645748
0.0648852
0.064922
0.0649429
0.0650045
0.0654774
0.0656014
0.0656473
0.065657
0.0657464
0.0657679
0.0658284
0.0663
0.0663665
0.0664462
0.0664585
0.0665577
0.0666222
0.0666977
0.0667113
0.0667407
0.066803
0.0668766
0.0668876
0.0669747
0.0672412
0.0675491
0.0681382
0.0698258
0.0698864
0.069959
0.0699727
0.0700057
0.0700357
0.0700466
0.0701082
0.0702403
0.0705316
0.0708246
0.0714234
0.0730774
0.0730927
0.073106
0.0731704
0.0732603
0.0732737
0.0732865
0.0733535
0.0735042
0.0737782
0.0740685
0.0746579
0.0763371
0.0765546
0.076983
0.0771929
0.0782145
0.0785258
0.0787266
0.07874
0.0787885
0.0790884
0.0792922
0.0794648
0.079478
0.0795769
0.0795891
0.0796375
0.0799133
0.0800635
0.0802805
0.0802904
0.0803977
0.0806154
0.0810434
0.0812312
0.0822844
0.0826495
0.0827959
0.0828078
0.0828581
0.0831993
0.0833175
0.0834855
0.0834979
0.083596
0.0836093
0.0836532
0.0840572
0.0842078
0.0842868
0.0842956
0.0844033
0.084595
0.0850518
0.0852504
0.0863561
0.0866677
0.0868104
0.0868262
0.0868723
0.0873411
0.0874684
0.0875063
0.0875205
0.0876179
0.0876292
0.0876747
0.0881406
0.0882214
0.0883046
0.0883133
0.0896764
0.0899482
0.0902155
0.0902507
0.0902647
0.0902849
0.0903956
0.0904294
0.0904412
0.0904646
0.09099
0.0915744
0.0929223
0.0932083
0.0934434
0.0934748
0.0934885
0.0935244
0.0935499
0.0935615
0.0936665
0.0936945
0.0942133
0.0948035
0.0961862
0.096461
0.0966159
0.0966307
0.096735
0.0967747
0.096797
0.0968124
0.096918
0.0969585
0.0974668
0.098055
0.0987688
0.0990965
0.0993669
0.0998502
0.100021
0.100494
0.10076
0.100924
0.101236
0.101269
0.10129
0.101313
0.101322
0.101513
0.101724
0.102037
0.102071
0.102091
0.102111
0.102122
0.102809
0.103176
0.103389
0.103858
0.104015
0.104524
0.104843
0.105125
0.105392
0.105425
0.105446
0.10547
0.105479
0.1058
0.106002
0.106188
0.106226
0.106246
0.106266
0.106278
0.10702
0.107334
0.107516
0.108009
0.108155
0.108656
0.109076
0.109305
0.109426
0.109463
0.109483
0.109508
0.109516
0.109834
0.110105
0.110226
0.110263
0.110284
0.110304
0.110316
0.110961
0.111286
0.111633
0.11196
0.112275
0.112598
0.112997
0.113082
0.113397
0.113413
0.11347
0.11363
0.113643
0.113765
0.11389
0.114205
0.114217
0.114273
0.114434
0.114443
0.114495
0.114764
0.115089
0.115114
0.115124
0.115153
0.115268
0.11529
0.115303
0.115333
0.117011
0.117608
0.118266
0.118383
0.118414
0.118432
0.118466
0.118542
0.118952
0.119063
0.119102
0.119118
0.119138
0.120445
0.121581
0.121622
0.121641
0.121743
0.121783
0.121877
0.122243
0.122355
0.122375
0.122391
0.122415
0.123705
0.124487
0.124642
0.124808
0.124819
0.124883
0.124965
0.124977
0.125133
0.125245
0.125921
0.126822
0.126975
0.127194
0.12752
0.127533
0.127622
0.127642
0.127748
0.12802
0.12823
0.12867
0.128813
0.128855
0.128866
0.128944
0.129033
0.129041
0.129192
0.129276
0.130014
0.130841
0.130983
0.131198
0.131516
0.131528
0.131615
0.131637
0.131743
0.132081
0.132202
0.132366
0.132703
0.133461
0.133837
0.134066
0.134489
0.134809
0.134873
0.13519
0.135205
0.135231
0.135417
0.135429
0.135451
0.135461
0.135518
0.135721
0.135909
0.136259
0.136268
0.136372
0.136398
0.136409
0.136438
0.136496
0.136789
0.136995
0.137066
0.137129
0.137142
0.137654
0.13899
0.140023
0.140131
0.14016
0.140174
0.140213
0.140262
0.140637
0.14076
0.140793
0.140804
0.14083
0.142106
0.142813
0.143258
0.143288
0.143305
0.143361
0.143444
0.143463
0.143477
0.143501
0.14371
0.144038
0.144159
0.146058
0.146202
0.146382
0.146402
0.14644
0.146531
0.146543
0.1467
0.146801
0.147358
0.148232
0.148485
0.148686
0.149039
0.149051
0.149152
0.149163
0.149255
0.149525
0.149728
0.149818
0.149831
0.149893
0.150371
0.150491
0.15052
0.150529
0.150637
0.150832
0.151341
0.151634
0.152243
0.153
0.153049
0.153061
0.153148
0.153169
0.153247
0.153602
0.153733
0.15385
0.154306
0.154494
0.154937
0.155695
0.156001
0.156197
0.15621
0.156239
0.15646
0.156653
0.156951
0.156963
0.156983
0.156995
0.157022
0.157245
0.157391
0.157734
0.157743
0.157766
0.157837
0.157903
0.157915
0.157944
0.158021
0.158092
0.158106
0.158193
0.158488
0.158786
0.159379
0.161145
0.161578
0.161632
0.161701
0.161715
0.161745
0.161776
0.161787
0.161812
0.161988
0.162336
0.162487
0.164315
0.164748
0.164767
0.164781
0.164843
0.164928
0.164943
0.164953
0.164982
0.165166
0.165491
0.165633
0.167362
0.167388
0.167428
0.167766
0.167887
0.168044
0.168056
0.168167
0.168378
0.168878
0.169109
0.16957
0.170391
0.170546
0.170555
0.170656
0.170669
0.170733
0.171021
0.171235
0.171429
0.171456
0.171491
0.171957
0.172085
0.172114
0.172126
0.172237
0.172422
0.172937
0.173163
0.173674
0.174437
0.174588
0.174597
0.174697
0.174708
0.174771
0.175125
0.175283
0.175966
0.176272
0.176778
0.177003
0.177401
0.177626
0.177819
0.177981
0.178345
0.178398
0.178417
0.178516
0.178525
0.178575
0.178772
0.179134
0.179188
0.179208
0.179302
0.179314
0.18056
0.180823
0.181072
0.181101
0.181111
0.181131
0.181248
0.181276
0.181289
0.18131
0.181823
0.182403
0.184241
0.184387
0.184735
0.184896
0.184927
0.184941
0.184971
0.185002
0.185013
0.185077
0.185137
0.18558
0.187422
0.187584
0.187911
0.187997
0.188011
0.188112
0.188147
0.188174
0.188185
0.188253
0.188326
0.188773
0.189109
0.189337
0.189574
0.189616
0.189628
0.189662
0.18968
0.189905
0.190714
0.190929
0.191397
0.191668
0.192117
0.192157
0.192169
0.192463
0.192594
0.192881
0.192903
0.192922
0.193205
0.19342
0.193532
0.193578
0.193603
0.193631
0.193639
0.193919
0.194678
0.194862
0.195342
0.195605
0.196047
0.196094
0.196106
0.1964
0.196598
0.196822
0.196839
0.19686
0.197356
0.197672
0.19828
0.198513
0.198966
0.1992
0.199385
0.199522
0.199883
0.199957
0.199973
0.200069
0.200081
0.200127
0.200309
0.200669
0.200745
0.200757
0.200852
0.200861
0.202172
0.202449
0.202742
0.202772
0.202786
0.202813
0.202928
0.202948
0.202964
0.202989
0.203494
0.204067
0.204702
0.205963
0.206001
0.206015
0.206047
0.206165
0.206541
0.206593
0.206633
0.206644
0.206667
0.206791
0.207894
0.209102
0.209119
0.209219
0.209255
0.209406
0.20977
0.209834
0.209861
0.209871
0.209897
0.210017
0.210716
0.210931
0.211152
0.211222
0.211234
0.211258
0.211266
0.211419
0.21186
0.212118
0.212994
0.213305
0.213649
0.213744
0.213763
0.213954
0.213975
0.213995
0.214245
0.214373
0.214867
0.215077
0.215173
0.215248
0.21526
0.215285
0.215294
0.215421
0.215887
0.2162
0.217019
0.217325
0.21766
0.217753
0.217765
0.217953
0.217969
0.21799
0.218315
0.218382
0.218725
0.218794
0.219115
0.219139
0.219155
0.219343
0.219355
0.219447
0.219784
0.22009
0.22091
0.221222
0.221684
0.221813
0.221822
0.221846
0.221857
0.221933
0.222027
0.22223
0.222667
0.222803
0.223052
0.223076
0.223093
0.223293
0.223312
0.223399
0.223744
0.224054
0.224928
0.225187
0.225625
0.225779
0.225788
0.225811
0.225822
0.225894
0.226115
0.226327
0.227039
0.227169
0.227195
0.227206
0.22723
0.227294
0.227651
0.227787
0.227824
0.227922
0.227935
0.229121
0.230265
0.230413
0.230436
0.230447
0.230487
0.23054
0.230917
0.231037
0.231071
0.231084
0.231116
0.232372
0.233026
0.233599
0.2341
0.234125
0.234143
0.234163
0.234282
0.234306
0.234321
0.234344
0.234617
0.234879
0.236105
0.236121
0.236219
0.236231
0.236307
0.236667
0.236846
0.236891
0.236903
0.236999
0.237012
0.237087
0.23745
0.237585
0.23777
0.238002
0.238391
0.238622
0.239241
0.239558
0.240061
0.240089
0.240107
0.240334
0.240531
0.240823
0.240835
0.240883
0.241324
0.241586
0.242067
0.242254
0.243008
0.243287
0.243296
0.243318
0.24333
0.243376
0.24349
0.243705
0.243985
0.244007
0.244026
0.244317
0.244458
0.244759
0.244772
0.244813
0.24526
0.245523
0.246069
0.246289
0.247094
0.24732
0.247328
0.247351
0.247363
0.247406
0.247646
0.247869
0.248177
0.2486
0.248675
0.248765
0.248785
0.248813
0.248848
0.248966
0.248983
0.249081
0.249417
0.249571
0.251395
0.251834
0.251896
0.25196
0.251971
0.252002
0.252033
0.252047
0.252077
0.25224
0.252584
0.252721
0.254494
0.255072
0.255585
0.255613
0.255627
0.255657
0.255772
0.255793
0.255803
0.255832
0.25608
0.256341
0.257577
0.25759
0.257687
0.257707
0.25776
0.258118
0.258321
0.258379
0.258388
0.258489
0.258508
0.258561
0.258925
0.259078
0.259272
0.259496
0.259894
0.26012
0.260625
0.260931
0.261742
0.261893
0.262246
0.262308
0.262319
0.262418
0.262427
0.262585
0.26335
0.263863
0.264089
0.264607
0.264791
0.264902
0.264915
0.264944
0.265074
0.26553
0.265564
0.265584
0.265681
0.265895
0.266183
0.266244
0.266256
0.266355
0.266363
0.266512
0.267327
0.267792
0.26801
0.268508
0.268719
0.26883
0.268842
0.269028
0.269154
0.269488
0.269527
0.269546
0.271363
0.271518
0.271846
0.272031
0.272061
0.272071
0.27209
0.272177
0.272238
0.272251
0.27227
0.272702
0.274529
0.27468
0.275024
0.27519
0.275215
0.275225
0.275257
0.275287
0.2753
0.27537
0.275431
0.275874
0.277701
0.27828
0.278574
0.278838
0.278957
0.278981
0.279047
0.279114
0.279145
0.279157
0.279224
0.279293
0.279318
0.279326
0.279672
0.279833
0.280059
0.280087
0.280099
0.28012
0.280131
0.28043
0.280624
0.280843
0.280872
0.280885
0.281085
0.281387
0.28214
0.28258
0.282761
0.283202
0.283322
0.283455
0.28381
0.283886
0.283907
0.284002
0.284022
0.284072
0.284832
0.285439
0.285671
0.28618
0.28637
0.286477
0.286486
0.286515
0.28663
0.287093
0.287152
0.287165
0.28727
0.287482
0.287753
0.287844
0.287855
0.287955
0.287964
0.288297
0.288504
0.288758
0.28965
0.290204
0.290307
0.290465
0.290477
0.29057
0.290607
0.290629
0.290809
0.290945
0.29297
0.293099
0.293427
0.293634
0.293657
0.293672
0.293691
0.293774
0.293828
0.293845
0.293867
0.294297
0.294993
0.296254
0.29628
0.296291
0.296323
0.296458
0.296842
0.29689
0.296931
0.296944
0.296971
0.297079
0.298104
0.299431
0.299942
0.299956
0.30002
0.300089
0.300292
0.300593
0.300657
0.300687
0.300698
0.300723
0.300826
0.300835
0.301182
0.30132
0.30152
0.301577
0.301587
0.301609
0.301621
0.301808
0.301834
0.301848
0.302168
0.302232
0.302549
0.30297
0.303196
0.303573
0.304334
0.304679
0.304852
0.304975
0.305313
0.305417
0.305439
0.305526
0.305537
0.305857
0.306071
0.306211
0.307032
0.307813
0.3079
0.308075
0.308093
0.30818
0.308241
0.308251
0.308293
0.308435
0.308873
0.309092
0.309368
0.309473
0.309494
0.309582
0.309595
0.309918
0.310125
0.310277
0.311154
0.311801
0.31191
0.312062
0.312071
0.312153
0.312213
0.312224
0.312387
0.312537
0.313315
0.314582
0.314606
0.314621
0.314641
0.314751
0.315108
0.315199
0.315238
0.315335
0.315353
0.315387
0.316479
0.317752
0.31778
0.317796
0.317832
0.317932
0.318309
0.318383
0.318416
0.318434
0.318464
0.318575
0.319219
0.319809
0.321455
0.321491
0.321505
0.321527
0.321638
0.321666
0.321676
0.321701
0.322017
0.32228
0.322329
0.322337
0.322497
0.322552
0.322564
0.322872
0.322992
0.32315
0.32318
0.323378
0.323433
0.323446
0.323756
0.323831
0.32421
0.324527
0.324843
0.325167
0.325502
0.325808
0.326438
0.326451
0.326471
0.326491
0.326526
0.326645
0.326909
0.327218
0.327227
0.327251
0.32727
0.327306
0.327425
0.327643
0.328037
0.328519
0.328674
0.329189
0.329373
0.329677
0.330397
0.33041
0.33043
0.330448
0.330486
0.330669
0.330864
0.331176
0.331184
0.331208
0.331228
0.331259
0.331505
0.331732
0.331987
0.332471
0.332623
0.333088
0.333296
0.333652
0.334317
0.334329
0.334349
0.334368
0.334403
0.334709
0.334912
0.335098
0.335107
0.33513
0.335149
0.335181
0.335503
0.335669
0.335929
0.33639
0.33656
0.33703
0.337294
0.337599
0.338268
0.338929
0.339433
0.339475
0.339578
0.339589
0.339612
0.339651
0.339751
0.339764
0.339917
0.340178
0.341519
0.342104
0.34261
0.342639
0.342738
0.34275
0.342775
0.342811
0.342824
0.342855
0.343085
0.343361
0.344681
0.34526
0.345772
0.345796
0.345807
0.345842
0.345949
0.345969
0.345983
0.346018
0.346263
0.346522
0.347834
0.347843
0.347927
0.348007
0.348475
0.348528
0.348539
0.348636
0.348648
0.348685
0.348812
0.349282
0.349334
0.349346
0.349488
0.349793
0.350878
0.351063
0.351509
0.351701
0.351806
0.351815
0.351895
0.352044
0.352446
0.352495
0.352508
0.352604
0.352616
0.352783
0.352901
0.353233
0.353282
0.353295
0.35344
0.353795
0.354877
0.355055
0.355473
0.355684
0.355789
0.355798
0.356006
0.356145
0.356422
0.356476
0.356488
0.356584
0.356597
0.356759
0.356943
0.357212
0.357259
0.357272
0.357471
0.357775
0.358773
0.358983
0.359404
0.359612
0.361243
0.361822
0.362106
0.362367
0.362514
0.362578
0.362589
0.362602
0.362689
0.362749
0.362762
0.362776
0.364398
0.364985
0.365268
0.365546
0.365675
0.365736
0.365746
0.365776
0.365809
0.365821
0.365891
0.365939
0.367565
0.368179
0.368494
0.368754
0.368836
0.368848
0.368942
0.369005
0.369034
0.369047
0.369121
0.369181
0.369277
0.369289
0.369369
0.369434
0.369947
0.370008
0.370028
0.370115
0.370123
0.37016
0.370274
0.370732
0.37079
0.37081
0.370847
0.371154
0.372326
0.372528
0.372964
0.373155
0.373255
0.373264
0.373346
0.373483
0.373857
0.373928
0.373939
0.374038
0.374049
0.374141
0.374188
0.3742
0.374383
0.374524
0.375168
0.375329
0.375495
0.375916
0.376928
0.377039
0.377189
0.377198
0.377406
0.377534
0.377784
0.377861
0.377871
0.377969
0.37798
0.378072
0.378118
0.378135
0.378382
0.378455
0.379082
0.37927
0.37949
0.379857
0.380859
0.380957
0.382639
0.383218
0.383501
0.383771
0.383942
0.384
0.384015
0.384031
0.384116
0.384171
0.384188
0.384206
0.384696
0.386324
0.386888
0.386949
0.386961
0.386991
0.387183
0.387497
0.387539
0.387585
0.387598
0.387626
0.388176
0.389508
0.390036
0.390055
0.390128
0.390191
0.3904
0.390692
0.390746
0.390775
0.390788
0.390819
0.390987
0.390998
0.391079
0.391132
0.391575
0.391661
0.391683
0.39177
0.39178
0.391867
0.391927
0.391944
0.391983
0.39213
0.392901
0.393076
0.393129
0.393495
0.394678
0.39477
0.394912
0.394924
0.395
0.395122
0.395499
0.395586
0.395607
0.395696
0.395704
0.395785
0.395848
0.395867
0.396025
0.39618
0.396828
0.396995
0.397059
0.397479
0.398586
0.398703
0.398851
0.39886
0.39895
0.399036
0.39905
0.3993
0.399436
0.399691
0.399703
0.399765
0.39984
0.399853
0.400091
0.400175
0.400858
0.400937
0.401722
0.401852
0.402252
0.402684
0.404219
0.405898
0.406556
0.406625
0.406641
0.406659
0.406836
0.407126
0.407217
0.407263
0.407361
0.407378
0.407852
0.4092
0.409758
0.409815
0.409831
0.409864
0.410033
0.41034
0.410408
0.410446
0.410463
0.410493
0.410665
0.411244
0.412886
0.412917
0.41293
0.412959
0.413062
0.413089
0.413103
0.413133
0.413447
0.413709
0.413827
0.413841
0.413892
0.413978
0.413999
0.414025
0.414227
0.414613
0.414629
0.414691
0.414779
0.414799
0.414825
0.414982
0.415827
0.415902
0.416494
0.41659
0.416753
0.417058
0.417837
0.41785
0.417901
0.417987
0.418007
0.418097
0.418232
0.418619
0.418627
0.418677
0.418771
0.418792
0.418945
0.419125
0.419843
0.419904
0.420443
0.420536
0.420702
0.421059
0.421787
0.4218
0.421847
0.421937
0.421957
0.422168
0.42231
0.422569
0.422577
0.422628
0.422719
0.422737
0.422949
0.423047
0.423745
0.423838
0.424378
0.424464
0.424694
0.425
0.425725
0.426304
0.427927
0.42797
0.428081
0.428103
0.428122
0.428188
0.428295
0.428314
0.428508
0.42877
0.428947
0.429526
0.431164
0.431195
0.431304
0.431328
0.431349
0.431386
0.431403
0.431432
0.431704
0.432046
0.432185
0.432767
0.434525
0.434549
0.434566
0.434597
0.434702
0.434722
0.43474
0.434772
0.435061
0.435323